timestamp,open,high,low,close,adjusted close,volume,dividend amount
2019-04-16,37.0900,37.6250,36.7900,37.4200,37.4200,825018,0.0000
2019-04-12,34.8700,36.9300,34.0000,36.9000,36.9000,2657654,0.0000
2019-04-05,32.3300,35.2700,31.8200,35.0700,35.0700,3984027,0.0000
2019-03-29,33.2600,34.2100,31.2500,32.1600,32.1600,8877842,0.0000
2019-03-22,34.7000,35.4800,33.3100,33.3200,33.3200,3239878,0.0000
2019-03-15,34.2000,34.7800,33.2700,34.6200,34.6200,3660732,0.0000
2019-03-08,37.0100,37.3900,33.8100,34.0500,34.0500,3449328,0.0000
2019-03-01,38.0200,38.1100,35.6400,36.9000,36.9000,2861987,0.0000
2019-02-22,36.9800,37.8500,36.3200,37.5900,37.5900,2791218,0.0000
2019-02-15,34.0000,37.7500,34.0000,37.2600,37.2600,5308924,0.0000
2019-02-08,36.4500,38.5500,33.5000,33.8900,33.8900,5836133,0.0000
2019-02-01,34.6900,37.2450,34.6212,36.4900,36.4900,3165237,0.0000
2019-01-25,33.8900,36.1300,32.2858,35.0900,35.0900,2304301,0.0000
2019-01-18,33.8300,34.7700,32.8000,34.2000,34.2000,3041867,0.0000
2019-01-11,34.1300,35.5600,33.6600,34.1600,34.1600,5091973,0.0000
2019-01-04,31.5900,34.1300,30.4500,34.0800,34.0800,3167396,0.0000
2018-12-28,30.9600,31.6500,28.9800,31.4400,31.4400,3365733,0.0000
2018-12-21,31.6800,32.6900,30.4900,31.2900,31.2900,6623082,0.0000
2018-12-14,32.9600,33.7000,30.0500,31.6700,31.6700,7201545,0.0000
2018-12-07,35.1200,35.1800,32.3500,33.0000,33.0000,6298775,0.0000
2018-11-30,33.4000,35.3350,32.5000,34.8600,34.8600,7364755,0.0000
2018-11-23,27.5400,33.9800,25.1000,33.0100,33.0100,14323635,0.0000
2018-11-16,27.1500,28.3600,26.4700,27.6200,27.6200,5946757,0.0000
2018-11-09,30.2300,30.6200,27.0500,27.2300,27.2300,5815171,0.0000
2018-11-02,26.3800,30.4200,24.9650,30.2700,30.2700,7168952,0.0000
2018-10-26,29.6900,30.0250,26.0800,26.2300,26.2300,7300156,0.0000
2018-10-19,32.2900,32.7750,29.2350,29.6200,29.6200,7342144,0.0000
2018-10-12,31.9400,35.4900,31.5300,32.4900,32.4900,6433513,0.0000
2018-10-05,36.0100,36.3100,32.6600,33.3400,33.3400,6120018,0.0000
2018-09-28,39.3600,39.3600,36.0300,36.1900,36.1900,3415233,0.0000
2018-09-21,39.5100,41.2300,38.4700,39.3600,39.3600,3811063,0.0000
2018-09-14,38.4500,42.0000,38.3900,39.3100,39.3100,7743949,0.0000
2018-09-07,37.1600,38.8400,36.7610,38.1400,38.1400,3475300,0.0000
2018-08-31,38.5400,39.2800,36.9300,37.0800,37.0800,5430890,0.0000
2018-08-24,38.8900,40.8700,38.0100,38.4600,38.4600,5762276,0.0000
2018-08-17,37.2900,38.7600,35.0400,38.6600,38.6600,8199224,0.0000
2018-08-10,42.0700,42.9500,35.4100,36.9800,36.9800,12981333,0.0000
2018-08-03,42.1300,43.3295,40.7100,42.0700,42.0700,4944046,0.0000
2018-07-27,42.8500,43.9100,39.7500,42.0100,42.0100,4716976,0.0000
2018-07-20,40.0000,43.6200,39.4600,43.1200,43.1200,4290678,0.0000
2018-07-13,41.8500,42.3000,38.7100,39.9400,39.9400,7465860,0.0000
2018-07-06,42.2200,42.7600,41.4800,41.8600,41.8600,4092436,0.0000
2018-06-29,44.5500,45.1200,40.4700,42.6200,42.6200,8933544,0.0000
2018-06-22,43.8100,46.2625,43.5300,44.9700,44.9700,6372313,0.0000
2018-06-15,43.7700,45.2800,42.6900,43.9200,43.9200,4588746,0.0000
2018-06-08,41.7600,44.0100,41.5250,43.8600,43.8600,5377780,0.0000
2018-06-01,41.2700,42.4600,40.9500,41.5500,41.5500,7584020,0.0000
2018-05-25,40.5400,42.1100,39.4000,41.5000,41.5000,5046702,0.0000
2018-05-18,41.8500,42.4900,38.7110,40.2700,40.2700,7328417,0.0000
2018-05-11,48.8600,50.2600,39.0700,42.2400,42.2400,9731796,0.0000
2018-05-04,49.9800,50.0400,47.4000,48.7400,48.7400,2331797,0.0000
2018-04-27,50.2100,51.9700,47.1100,49.8000,49.8000,2438462,0.0000
2018-04-20,51.0800,52.9990,46.7600,50.1900,50.1900,1886783,0.0000
2018-04-13,53.7500,53.8800,50.1900,50.8700,50.8700,3098814,0.0000
2018-04-06,52.8600,55.0100,51.5800,53.3900,53.3900,3285657,0.0000
2018-03-29,52.7300,54.4100,52.4500,53.0700,53.0700,2485972,0.0000
2018-03-23,53.8600,54.2000,52.0900,52.0900,52.0900,2953345,0.0000
2018-03-16,54.5300,56.9600,53.2500,54.1300,54.1300,3923427,0.0000
2018-03-09,53.2500,55.0000,53.2500,54.4600,54.4600,3002525,0.0000
2018-03-02,55.2100,57.1900,51.5300,53.3100,53.3100,3038164,0.0000
2018-02-23,54.2900,54.8600,52.9500,54.8500,54.8500,3170809,0.0000
2018-02-16,55.1600,56.5700,53.3200,54.5300,54.5300,6428447,0.0000
2018-02-09,59.3700,61.2100,53.0810,55.0700,55.0700,5369857,0.0000
2018-02-02,62.5100,62.7900,59.2000,59.7500,59.7500,2749981,0.0000
2018-01-26,62.6600,63.5858,61.7000,62.7900,62.7900,2367339,0.0000
2018-01-19,63.8300,63.9200,62.3100,62.6400,62.6400,2831014,0.0000
2018-01-12,64.6300,64.6900,61.8500,63.4600,63.4600,3443068,0.0000
2018-01-05,63.8200,66.4750,63.4600,64.4900,64.4900,2658263,0.0000
2017-12-29,61.6600,64.8400,61.6600,63.7600,63.7600,1688740,0.0000
2017-12-22,62.3800,63.0655,61.2600,61.4900,61.4900,2611179,0.0000
2017-12-15,61.8800,62.1200,59.7900,61.6400,61.6400,3153432,0.0000
2017-12-08,64.0000,64.8800,61.4850,61.9600,61.9600,3525175,0.0000
2017-12-01,61.1600,64.4500,60.0000,63.5900,63.5900,5967415,0.0000
2017-11-24,55.9000,61.6800,55.3300,61.2900,61.2900,5243351,0.0000
2017-11-17,54.6000,55.7000,54.2900,55.6300,55.6300,2235636,0.0000
2017-11-10,54.4700,55.1400,53.4200,54.8700,54.8700,1642205,0.0000
2017-11-03,54.5500,56.3600,54.1500,54.4500,54.4500,2259436,0.0000
2017-10-27,55.7200,55.8200,53.7700,54.9200,54.9200,2745187,0.0000
2017-10-20,52.4200,56.3600,52.3600,55.6900,55.6900,4158233,0.0000
2017-10-13,52.3600,52.6600,51.6300,52.4200,52.4200,2697404,0.0000
2017-10-06,51.0400,53.1100,51.0400,52.6000,52.6000,3053189,0.0000
2017-09-29,49.8800,51.9600,49.3000,51.2500,51.2500,4813059,0.0000
2017-09-22,48.7300,50.5000,47.1900,49.9100,49.9100,9629322,0.0000
2017-09-15,48.9500,49.2400,47.5400,48.6800,48.6800,3938437,0.0000
2017-09-08,46.6500,50.7800,46.6500,50.1200,50.1200,3672692,0.0000
2017-09-01,48.0000,48.6400,45.6400,46.6500,46.6500,4601460,0.0000
2017-08-25,40.2100,47.6100,39.5700,47.3000,47.3000,6496027,0.0000
2017-08-18,42.1300,42.3900,40.2800,40.3100,40.3100,2027787,0.0000
2017-08-11,43.0000,43.7000,41.8400,41.8600,41.8600,2455799,0.0000
2017-08-04,45.8500,46.3700,41.8900,43.0100,43.0100,3674236,0.0000
2017-07-28,47.2700,47.8400,45.5400,45.6900,45.6900,1764333,0.0000
2017-07-21,47.9900,48.5700,47.1500,47.2600,47.2600,909830,0.0000
2017-07-14,48.7300,48.8800,47.3500,48.0700,48.0700,989520,0.0000
2017-07-07,49.1400,49.5500,47.8700,48.8200,48.8200,646796,0.0000
2017-06-30,49.0400,49.4900,48.0800,49.0000,49.0000,941446,0.0000
2017-06-23,49.4500,49.9500,48.0200,48.8900,48.8900,1055777,0.0000
2017-06-16,48.6900,50.0100,48.4000,49.1400,49.1400,1085921,0.0000
2017-06-09,49.6700,49.7300,48.0300,48.7500,48.7500,1181590,0.0000
2017-06-02,48.0000,50.0300,47.0300,49.6500,49.6500,1116896,0.0000
2017-05-26,48.6400,49.1300,47.9600,48.2300,48.2300,1142074,0.0000
2017-05-19,48.9700,49.9300,47.0500,48.5200,48.5200,1372046,0.0000
2017-05-12,49.8800,50.0000,47.7400,49.0000,49.0000,2141708,0.0000
2017-05-05,49.8400,51.7400,48.4200,49.8300,49.8300,1885109,0.0000
2017-04-28,51.0000,52.1200,49.5000,49.5700,49.5700,1845920,0.0000
2017-04-21,48.7800,50.7100,48.1600,50.5100,50.5100,1769296,0.0000
2017-04-13,49.1000,50.0000,47.0200,48.6000,48.6000,1227386,0.0000
2017-04-07,49.2600,49.6000,48.1600,49.1400,49.1400,1417792,0.0000
2017-03-31,47.6000,49.4600,46.9600,49.1600,49.1600,1307542,0.0000
2017-03-24,50.4700,50.5500,47.9400,48.2500,48.2500,2104585,0.0000
2017-03-17,47.7200,50.6100,45.9800,50.4500,50.4500,3041215,0.0000
2017-03-10,46.3100,48.1100,45.3400,47.7200,47.7200,2038475,0.0000
2017-03-03,44.9700,46.9800,44.9000,46.5300,46.5300,2109357,0.0000
2017-02-24,45.6400,46.4700,44.6100,45.2000,45.2000,2251320,0.0000
2017-02-17,45.3900,45.9000,44.5300,45.5100,45.5100,1512801,0.0000
2017-02-10,45.7800,45.9700,44.1300,45.3000,45.3000,1736154,0.0000
2017-02-03,44.7900,46.7200,43.5100,45.6500,45.6500,2879065,0.0000
2017-01-27,44.4100,46.9800,44.4100,44.8300,44.8300,1949975,0.0000
2017-01-20,44.4600,44.9500,43.5900,44.4400,44.4400,1219012,0.0000
2017-01-13,44.9800,44.9900,43.6200,44.7000,44.7000,2445353,0.0000
2017-01-06,46.1200,46.8100,45.1200,45.1600,45.1600,1708511,0.0000
2016-12-30,47.7500,48.1500,45.7200,46.0700,46.0700,1102461,0.0000
2016-12-23,47.7200,49.3200,46.4100,47.6600,47.6600,2477080,0.0000
2016-12-16,46.8600,47.5700,44.8710,47.3600,47.3600,3904514,0.0000
2016-12-09,45.9200,47.3377,45.4800,47.1000,47.1000,2789638,0.0000
2016-12-02,46.4000,47.1600,45.5100,45.5600,45.5600,2958970,0.0000
2016-11-25,47.4000,47.7900,42.0100,46.5100,46.5100,3468476,0.0000
2016-11-18,45.2900,47.5900,44.5200,47.4000,47.4000,3279109,0.0000
2016-11-11,42.8200,45.7900,42.3600,44.7500,44.7500,2495394,0.0000
2016-11-04,41.4300,42.9000,40.8200,41.9600,41.9600,2867858,0.0000
2016-10-28,42.7000,43.0700,41.3100,41.4400,41.4400,2315721,0.0000
2016-10-21,42.5600,42.7900,41.2110,42.3200,42.3200,1841154,0.0000
2016-10-14,43.1200,43.5800,41.6300,42.5700,42.5700,1824956,0.0000
2016-10-07,42.0400,44.7000,41.3000,42.8300,42.8300,4894121,0.0000
2016-09-30,42.3900,42.9700,40.9200,42.0700,42.0700,2685554,0.0000
2016-09-23,40.2500,42.8200,39.5000,42.6600,42.6600,2992859,0.0000
2016-09-16,42.9100,43.2700,40.0900,40.1650,40.1650,4334435,0.0000
2016-09-09,46.7200,46.7200,43.2800,43.3100,43.3100,1863196,0.0000
2016-09-02,46.3700,46.8800,45.1900,46.5500,46.5500,1365943,0.0000
2016-08-26,46.3800,47.5100,45.8100,46.3600,46.3600,1298707,0.0000
2016-08-19,46.0200,47.0100,45.8200,46.5800,46.5800,2046838,0.0000
2016-08-12,45.4200,46.1000,45.1200,45.7800,45.7800,1690562,0.0000
2016-08-05,46.9100,47.3100,43.6000,45.5500,45.5500,5438410,0.0000
2016-07-29,48.1400,48.9600,46.7100,47.0200,47.0200,2721652,0.0000
2016-07-22,48.3700,48.5100,47.2100,48.2200,48.2200,1961453,0.0000
2016-07-15,48.1000,48.8200,47.5200,48.2500,48.2500,3318676,0.0000
2016-07-08,46.3500,47.9600,45.5500,47.7300,47.7300,3795764,0.0000
2016-07-01,43.5400,47.1000,42.2700,46.3600,46.3600,4528147,0.0000
2016-06-24,43.8500,45.6800,43.0001,43.9100,43.9100,5556505,0.0000
2016-06-17,43.3300,43.7100,41.6650,43.3700,43.3700,3224709,0.0000
2016-06-10,42.2500,44.1300,41.9400,43.5900,43.5900,3489508,0.0000
2016-06-03,43.3800,43.3800,42.1600,42.3100,42.3100,2171205,0.0000
2016-05-27,42.0400,43.4000,41.8500,43.1300,43.1300,3996319,0.0000
2016-05-20,42.4800,43.4600,40.5900,42.2500,42.2500,7759265,0.0000
2016-05-13,43.0800,43.3600,41.9300,42.4100,42.4100,1737044,0.0000
2016-05-06,42.8300,45.7167,41.0000,43.2600,43.2600,4455512,0.0000
2016-04-29,44.1100,45.3499,41.9500,42.7300,42.7300,3044384,0.0000
2016-04-22,44.3900,44.7600,43.0400,43.9200,43.9200,1829358,0.0000
2016-04-15,44.3200,45.1300,42.3400,44.5900,44.5900,2594996,0.0000
2016-04-08,41.3900,43.7400,40.4200,42.9500,42.9500,2020185,0.0000
2016-04-01,40.6900,42.3300,39.9500,41.4000,41.4000,2212388,0.0000
2016-03-24,39.7000,41.2300,39.2700,40.7700,40.7700,1702457,0.0000
2016-03-18,39.2700,39.9700,38.0300,39.7600,39.7600,3110866,0.0000
2016-03-11,38.8700,39.5100,38.0200,39.5000,39.5000,1890991,0.0000
2016-03-04,36.5800,39.6700,35.9900,39.0700,39.0700,2591817,0.0000
2016-02-26,33.8000,36.9800,32.7500,36.5400,36.5400,2775764,0.0000
2016-02-19,33.3800,34.6400,32.7000,33.5200,33.5200,2606921,0.0000
2016-02-12,37.6700,38.2500,32.2400,32.8000,32.8000,4656981,0.0000
2016-02-05,40.1400,43.2500,36.5701,37.7500,37.7500,3713824,0.0000
2016-01-29,39.1300,40.5650,38.6200,40.5000,40.5000,2247677,0.0000
2016-01-22,38.0600,39.3800,36.3300,39.3200,39.3200,2517483,0.0000
2016-01-15,38.1600,38.7150,35.8300,36.7200,36.7200,3213932,0.0000
2016-01-08,40.5100,41.0700,38.3500,38.4800,38.4800,2549500,0.0000
2015-12-31,41.9200,42.7200,41.1500,41.1800,41.1800,879380,0.0000
2015-12-24,40.0000,42.3000,39.8100,41.9300,41.9300,1374513,0.0000
2015-12-18,41.3200,41.4600,39.6200,39.6700,39.6700,3218331,0.0000
2015-12-11,42.6300,43.0200,40.8600,41.2000,41.2000,1992442,0.0000
2015-12-04,42.0200,43.4400,40.2300,42.5300,42.5300,3059884,0.0000
2015-11-27,37.6300,44.0100,37.4300,43.1600,43.1600,3739884,0.0000
2015-11-20,36.8500,38.0800,36.0001,37.8900,37.8900,1677058,0.0000
2015-11-13,37.9000,38.6700,36.0600,36.9500,36.9500,1058001,0.0000
2015-11-06,35.3600,38.0900,35.0860,38.0500,38.0500,1415081,0.0000
2015-10-30,36.1800,36.4550,34.0400,35.3900,35.3900,1654743,0.0000
2015-10-23,34.1400,35.4600,33.6440,35.2000,35.2000,1150514,0.0000
2015-10-16,36.3400,36.5050,33.5100,34.1400,34.1400,1160488,0.0000
2015-10-09,33.3000,36.5300,33.3000,36.2000,36.2000,1243860,0.0000
2015-10-02,34.1400,34.1800,32.0200,33.1000,33.1000,1804040,0.0000
2015-09-25,35.6700,36.1300,34.0700,34.1700,34.1700,1638514,0.0000
2015-09-18,36.2000,37.1000,35.1100,35.3200,35.3200,1626201,0.0000
2015-09-11,36.0100,36.7700,35.3850,35.9700,35.9700,1195756,0.0000
2015-09-04,35.3200,36.4600,34.9550,35.6700,35.6700,1603588,0.0000
2015-08-28,33.7000,35.8250,33.6400,35.3800,35.3800,3014354,0.0000
2015-08-21,36.0300,36.7400,35.3900,35.4800,35.4800,1643868,0.0000
2015-08-14,34.9600,36.3600,34.8340,36.2500,36.2500,1649115,0.0000
2015-08-07,35.0400,35.2000,33.0100,34.6800,34.6800,2427017,0.0000
2015-07-31,32.0000,36.3400,32.0000,35.0000,35.0000,6920452,0.0000
2015-07-24,30.6500,31.1220,29.8800,30.0800,30.0800,1866155,0.0000
2015-07-17,32.1900,32.4400,30.2000,30.5500,30.5500,2605938,0.0000
2015-07-10,32.0900,32.8000,31.1200,31.9700,31.9700,1839242,0.0000
2015-07-02,33.7700,33.9400,32.3950,32.4600,32.4600,1493104,0.0000
2015-06-26,31.8700,34.0900,31.6800,34.0100,34.0100,2148627,0.0000
2015-06-19,30.9300,31.9800,30.5400,31.6500,31.6500,1562122,0.0000
2015-06-12,31.7300,31.9860,30.6500,31.2100,31.2100,1111792,0.0000
2015-06-05,31.5100,32.2000,31.1400,31.8800,31.8800,1449651,0.0000
2015-05-29,31.0600,31.7700,30.3600,31.3600,31.3600,1195015,0.0000
2015-05-22,31.4200,31.9600,31.0600,31.1400,31.1400,982319,0.0000
2015-05-15,31.4900,31.7500,30.6500,31.4900,31.4900,2347235,0.0000
2015-05-08,30.0100,32.5000,29.4400,31.3600,31.3600,2420795,0.0000
2015-05-01,30.8700,31.0400,29.5500,29.9400,29.9400,2706800,0.0000
2015-04-24,31.2800,31.3900,30.7100,30.8400,30.8400,2143590,0.0000
2015-04-17,31.9200,32.5300,31.0400,31.2100,31.2100,1610315,0.0000
2015-04-10,31.5300,32.4200,31.5100,31.8700,31.8700,2510098,0.0000
2015-04-02,30.7700,31.9400,30.5800,31.7100,31.7100,2241749,0.0000
2015-03-27,30.3200,31.3000,29.9200,30.6600,30.6600,4183930,0.0000
2015-03-20,28.3900,30.5800,28.0600,30.4300,30.4300,2583209,0.0000
2015-03-13,28.0500,28.7500,26.9500,28.3400,28.3400,2532765,0.0000
2015-03-06,29.9100,30.2000,27.8417,27.9700,27.9700,2233842,0.0000
2015-02-27,28.7300,30.1700,28.5120,30.0200,30.0200,2305107,0.0000
2015-02-20,27.9400,29.0100,27.6050,28.7600,28.7600,2299097,0.0000
2015-02-13,26.4300,28.2100,25.9900,28.0800,28.0800,3034378,0.0000
2015-02-06,23.8100,27.0700,23.5850,26.4300,26.4300,3887251,0.0000
2015-01-30,23.6000,24.3900,23.3800,23.6900,23.6900,4055744,0.0000
2015-01-23,23.9300,24.0200,23.0400,23.6200,23.6200,2843255,0.0000
2015-01-16,27.6900,27.6900,23.5100,23.8600,23.8600,3449223,0.0000
2015-01-09,27.6700,28.0000,26.6400,27.6800,27.6800,2190737,0.0000
2015-01-02,28.2400,28.7200,27.6000,27.8600,27.8600,1826209,0.0000
2014-12-26,27.6600,28.5000,27.5100,28.2600,28.2600,898004,0.0000
2014-12-19,27.0800,28.3600,26.1400,27.6600,27.6600,2247082,0.0000
2014-12-12,27.9000,28.2300,26.5700,26.9100,26.9100,2670408,0.0000
2014-12-05,27.0600,28.0300,26.0400,28.0000,28.0000,2752857,0.0000
2014-11-28,28.6900,29.1700,26.0700,27.0800,27.0800,3876639,0.0000
2014-11-21,28.4100,29.0950,27.5200,28.6400,28.6400,2047339,0.0000
2014-11-14,28.6300,29.0400,27.9600,28.5400,28.5400,2335353,0.0000
2014-11-07,27.7400,28.7400,27.4300,28.5900,28.5900,2498342,0.0000
2014-10-31,26.5100,27.7000,26.0400,27.6700,27.6700,1873089,0.0000
2014-10-24,25.5200,26.9600,25.5200,26.6800,26.6800,2372671,0.0000
2014-10-17,24.2800,26.0700,24.1100,25.6700,25.6700,2447279,0.0000
2014-10-10,25.5900,25.8190,24.1800,24.2700,24.2700,2969364,0.0000
2014-10-03,25.2400,26.2900,25.2400,25.5900,25.5900,3585954,0.0000
2014-09-26,26.1700,26.3600,24.6800,24.9600,24.9600,2383956,0.0000
2014-09-19,26.4900,27.1100,26.1800,26.2400,26.2400,1859800,0.0000
2014-09-12,27.1100,27.3800,26.4800,26.5700,26.5700,1997800,0.0000
2014-09-05,28.5800,28.7450,26.9600,27.0900,27.0900,1733500,0.0000
2014-08-29,29.0800,29.2999,28.2900,28.5200,28.5200,1385600,0.0000
2014-08-22,28.4800,29.3300,28.1700,29.0000,29.0000,1873200,0.0000
2014-08-15,28.4900,28.7900,27.6800,28.2300,28.2300,2422600,0.0000
2014-08-08,27.7500,28.9800,27.4820,28.4500,28.4500,2846600,0.0000
2014-08-01,28.4500,28.4800,27.4460,27.6400,27.6400,1487100,0.0000
2014-07-25,28.2400,29.0600,27.9600,28.5000,28.5000,2439000,0.0000
2014-07-18,29.8000,30.0000,28.2100,28.3900,28.3900,2758000,0.0000
2014-07-11,33.5000,33.5100,29.5900,29.6100,29.6100,4236600,0.0000
2014-07-03,33.5800,34.3100,33.0100,33.7000,33.7000,1172800,0.0000
2014-06-27,33.1600,33.8800,32.7900,33.6500,33.6500,3315900,0.0000
2014-06-20,34.3500,34.8200,32.2400,33.0000,33.0000,2859000,0.0000
2014-06-13,35.5500,36.0800,34.2400,34.4200,34.4200,1931700,0.0000
2014-06-06,34.5000,35.9400,34.0100,35.5800,35.5800,915000,0.0000
2014-05-30,34.5900,34.9900,34.0160,34.5000,34.5000,773000,0.0000
2014-05-23,34.4600,34.9400,33.5700,34.2800,34.2800,1447900,0.0000
2014-05-16,35.1000,35.4900,32.9600,33.5600,33.5600,2878400,0.0000
2014-05-09,35.3700,35.7000,33.0001,35.3000,35.3000,2249700,0.0000
2014-05-02,35.6600,36.4200,34.9600,35.5400,35.5400,1284700,0.0000
2014-04-25,36.4100,37.9300,35.1400,35.6400,35.6400,1595100,0.0000
2014-04-17,36.2500,36.9100,35.2100,36.5000,36.5000,1620200,0.0000
2014-04-11,37.4900,37.4900,35.5100,35.9400,35.9400,1298100,0.0000
2014-04-04,38.4900,39.3300,37.4200,37.7200,37.7200,1510300,0.0000
2014-03-28,38.6800,39.0500,37.6000,38.2900,38.2900,1351300,0.0000
2014-03-21,38.7900,40.1000,38.3600,38.6500,38.6500,2084600,0.0000
2014-03-14,39.9000,40.3900,38.1000,38.6100,38.6100,1642000,0.0000
2014-03-07,37.5000,40.1400,37.4301,40.1000,40.1000,1653000,0.0000
2014-02-28,37.6200,38.3000,36.8200,37.7900,37.7900,1511300,0.0000
2014-02-21,37.8300,39.9452,36.6010,37.6400,37.6400,1016900,0.0000
2014-02-14,36.8400,38.1000,36.1400,37.8900,37.8900,1423600,0.0000
2014-02-07,37.7800,38.3700,34.9300,37.0000,37.0000,3315900,0.0000
2014-01-31,39.4500,39.8300,37.0700,37.7900,37.7900,1644500,0.0000
2014-01-24,40.1900,41.1999,39.1000,39.3500,39.3500,975900,0.0000
2014-01-17,40.5400,41.0600,39.6100,40.0300,40.0300,1879600,0.0000
2014-01-10,40.1300,41.3800,39.0000,40.7800,40.7800,2404900,0.0000
2014-01-03,40.5200,40.9600,39.3900,40.0300,40.0300,1225100,0.0000
2013-12-27,39.5000,40.6600,39.4233,40.5700,40.5700,1051000,0.0000
2013-12-20,37.4000,39.5200,36.8400,39.3900,39.3900,2983100,0.0000
2013-12-13,36.0900,38.0000,35.7760,37.3300,37.3300,2360800,0.0000
2013-12-06,37.0600,37.1640,35.2500,35.9900,35.9900,2126900,0.0000
2013-11-29,36.0800,37.6550,33.2200,37.1800,37.1800,2246300,0.0000
2013-11-22,35.6000,36.7000,34.8400,36.1900,36.1900,2068000,0.0000
2013-11-15,35.2100,35.9900,34.7900,35.6700,35.6700,1755100,0.0000
2013-11-08,35.2500,36.2300,34.6800,35.3000,35.3000,1886800,0.0000
2013-11-01,35.4100,36.4300,34.6300,35.0700,35.0700,2342900,0.0000
2013-10-25,36.3000,36.6400,35.1100,35.5000,35.5000,2399700,0.0000
2013-10-18,35.1600,36.4200,35.0900,36.3400,36.3400,2077900,0.0000
2013-10-11,33.8600,35.6400,33.5200,35.4700,35.4700,3137900,0.0000
2013-10-04,36.5700,37.0100,32.9700,34.0900,34.0900,6803600,0.0000
2013-09-27,36.7400,37.4999,36.2200,37.0200,37.0200,2190400,0.0000
2013-09-20,35.5900,37.4300,35.1000,36.8400,36.8400,2737200,0.0000
2013-09-13,34.8000,35.7400,34.6900,35.2100,35.2100,2757400,0.0000
2013-09-06,36.3900,36.8500,34.6300,34.8200,34.8200,2110800,0.0000
2013-08-30,38.2000,38.6900,36.3000,36.3300,36.3300,1589100,0.0000
2013-08-23,37.8200,38.9000,37.2000,38.2200,38.2200,1614600,0.0000
2013-08-16,37.6800,38.3500,36.1200,38.0400,38.0400,2438600,0.0000
2013-08-09,41.2400,41.7100,36.5300,37.9400,37.9400,3153200,0.0000
2013-08-02,40.7700,41.6900,39.4900,41.4200,41.4200,1469100,0.0000
2013-07-26,41.8400,42.7000,40.4300,40.9100,40.9100,1840100,0.0000
2013-07-19,40.1600,42.5700,39.9000,42.0700,42.0700,1873200,0.0000
2013-07-12,37.5500,40.5100,37.2500,40.0500,40.0500,2176100,0.0000
2013-07-05,38.0200,38.2000,37.1600,37.4000,37.4000,1362800,0.0000
2013-06-28,37.8100,39.0380,37.1400,37.8800,37.8800,2281100,0.0000
2013-06-21,40.9300,41.2300,37.5900,38.1800,38.1800,1997200,0.0000
2013-06-14,41.3500,41.5300,39.8250,40.6200,40.6200,975100,0.0000
2013-06-07,41.2500,41.7080,40.2600,41.2300,41.2300,1925500,0.0000
2013-05-31,41.3000,42.3560,40.7900,41.2200,41.2200,1936700,0.0000
2013-05-24,40.7400,41.0000,39.5801,40.6200,40.6200,1927600,0.0000
2013-05-17,39.3500,41.1698,38.3100,40.7600,40.7600,2645300,0.0000
2013-05-10,39.0400,40.1000,37.3300,39.5900,39.5900,2596700,0.0000
2013-05-03,38.2700,39.5950,37.0475,39.1100,39.1100,2352800,0.0000
2013-04-26,36.9700,39.0900,36.1800,38.0600,38.0600,1853100,0.0000
2013-04-19,36.6900,37.3000,34.8900,36.8500,36.8500,2499200,0.0000
2013-04-12,36.9900,37.8800,36.7200,37.0500,37.0500,1040000,0.0000
2013-04-05,38.6300,38.9264,36.4450,36.8100,36.8100,1711500,0.0000
2013-03-28,38.8000,39.2700,37.7801,38.6600,38.6600,1251300,0.0000
2013-03-22,39.1700,39.8000,38.3810,38.6400,38.6400,2198600,0.0000
2013-03-15,39.7300,39.8100,38.9900,39.4800,39.4800,2187700,0.0000
2013-03-08,37.2300,39.7400,37.2300,39.6800,39.6800,1661800,0.0000
2013-03-01,37.0600,37.3300,35.7000,37.2100,37.2100,1710100,0.0000
2013-02-22,38.5400,38.8500,35.6600,36.7200,36.7200,1906400,0.0000
2013-02-15,37.0000,38.5700,36.4700,38.4600,38.4600,1715100,0.0000
2013-02-08,36.6100,37.8000,34.1900,37.1600,37.1600,2718800,0.0000
2013-02-01,37.0200,37.2400,35.5300,36.6700,36.6700,1892200,0.0000
2013-01-25,35.6700,37.2400,35.3400,36.8700,36.8700,1521500,0.0000
2013-01-18,34.4900,35.7900,33.7000,35.6300,35.6300,1617200,0.0000
2013-01-11,34.6600,35.0500,34.1600,34.5400,34.5400,2301800,0.0000
2013-01-04,32.6600,35.1400,32.6200,34.7400,34.7400,2065000,0.0000
2012-12-28,32.7500,32.9200,31.8500,32.6500,32.6500,910700,0.0000
2012-12-21,31.8300,33.7900,31.7200,32.7700,32.7700,3181400,0.0000
2012-12-14,31.1400,32.5400,30.9700,31.6900,31.6900,2896400,0.0000
2012-12-07,31.1600,31.9200,30.3300,30.9800,30.9800,2659100,0.0000
2012-11-30,31.6500,31.9200,30.2000,30.8400,30.8400,4192700,0.0000
2012-11-23,30.9500,31.9200,30.5200,31.7900,31.7900,1249000,0.0000
2012-11-16,31.5800,31.9300,29.6600,30.5500,30.5500,3025400,0.0000
2012-11-09,31.6200,33.3000,30.8710,31.4100,31.4100,3098600,0.0000
2012-11-02,31.9700,33.3900,31.3900,31.4000,31.4000,3402400,0.0000
2012-10-26,30.2200,31.2000,29.1213,30.9900,30.9900,2949100,0.0000
2012-10-19,27.8600,31.1500,27.7600,30.1900,30.1900,2883800,0.0000
2012-10-12,29.6400,30.0800,27.4700,27.7000,27.7000,4441800,0.0000
2012-10-05,28.7900,30.0000,28.0700,29.8300,29.8300,2122200,0.0000
2012-09-28,29.3000,29.3800,27.1100,28.4805,28.4805,2735200,0.0000
2012-09-21,29.4400,29.8000,26.9600,29.2000,29.2000,2816500,0.0000
2012-09-14,28.3200,30.8000,28.2600,30.4100,30.4100,2826000,0.0000
2012-09-07,28.1500,28.6200,27.3100,28.3500,28.3500,1727900,0.0000
2012-08-31,28.0900,28.9400,27.4700,28.1400,28.1400,1670000,0.0000
2012-08-24,27.4600,28.3699,27.0000,27.8700,27.8700,2667000,0.0000
2012-08-17,26.0200,27.8100,25.5300,27.6100,27.6100,2210500,0.0000
2012-08-10,24.7000,26.4800,23.7300,26.0000,26.0000,4414700,0.0000
2012-08-03,25.8700,26.6300,23.4200,24.7000,24.7000,3220900,0.0000
2012-07-27,26.5000,27.1960,24.7200,25.7900,25.7900,3546000,0.0000
2012-07-20,26.8800,28.0000,26.4000,26.9800,26.9800,2366100,0.0000
2012-07-13,26.1100,27.7100,26.1100,27.0400,27.0400,3652600,0.0000
2012-07-06,25.4000,26.3200,24.6800,26.1100,26.1100,1571700,0.0000
2012-06-29,24.8300,25.4780,23.4500,25.2200,25.2200,1606400,0.0000
2012-06-22,24.9500,26.4800,24.8700,25.0800,25.0800,1793200,0.0000
2012-06-15,25.1500,25.4000,23.7200,25.1900,25.1900,2581300,0.0000
2012-06-08,23.6200,25.0900,22.5500,24.8000,24.8000,2144000,0.0000
2012-06-01,24.8500,26.1500,23.3600,23.4900,23.4900,2397700,0.0000
2012-05-25,24.3400,25.5800,23.7300,24.3800,24.3800,1968000,0.0000
2012-05-18,25.1700,25.8700,24.1300,24.2000,24.2000,2979100,0.0000
2012-05-11,25.8200,27.6000,24.8200,25.4400,25.4400,3960700,0.0000
2012-05-04,27.1900,27.5200,25.7000,25.8900,25.8900,1528300,0.0000
2012-04-27,24.9400,27.5099,24.4800,27.2900,27.2900,1845100,0.0000
2012-04-20,25.2900,26.3892,24.7100,25.2800,25.2800,1492200,0.0000
2012-04-13,24.8900,25.7000,24.6000,25.2200,25.2200,2700300,0.0000
2012-04-05,25.7800,26.0300,25.0000,25.4100,25.4100,1235000,0.0000
2012-03-30,25.8600,27.2200,25.6300,25.7600,25.7600,2569300,0.0000
2012-03-23,25.3700,25.6800,24.3300,25.5900,25.5900,1799400,0.0000
2012-03-16,24.7200,25.7900,24.1900,25.3800,25.3800,2398400,0.0000
2012-03-09,22.9000,25.0000,22.8330,24.7100,24.7100,1601100,0.0000
2012-03-02,23.2700,24.3181,22.5200,22.9300,22.9300,1629900,0.0000
2012-02-24,23.9500,24.2300,22.9300,23.5000,23.5000,876600,0.0000
2012-02-17,23.7700,24.2500,22.6920,23.8300,23.8300,1412600,0.0000
2012-02-10,24.2400,25.0000,22.4000,23.4550,23.4550,2294400,0.0000
2012-02-03,23.4500,24.5800,22.6700,24.3700,24.3700,1784100,0.0000
2012-01-27,22.4300,23.7300,21.0100,23.7200,23.7200,1244200,0.0000
2012-01-20,21.9600,22.8500,21.2300,22.4700,22.4700,1094000,0.0000
2012-01-13,21.4500,22.4400,20.8500,21.7700,21.7700,2523000,0.0000
2012-01-06,20.7400,21.5700,19.7900,21.0300,21.0300,2051800,0.0000
2011-12-30,20.5400,20.9800,20.0300,20.2300,20.2300,1364300,0.0000
2011-12-23,18.9600,20.6100,18.7000,20.5600,20.5600,1440700,0.0000
2011-12-16,18.6100,19.0000,17.3800,18.7900,18.7900,2034600,0.0000
2011-12-09,19.5000,19.5000,18.3500,18.8500,18.8500,1957300,0.0000
2011-12-02,18.9700,19.8400,17.4000,19.2200,19.2200,5140000,0.0000
2011-11-25,18.4000,18.6448,17.9200,18.1500,18.1500,1241100,0.0000
2011-11-18,19.5500,19.7300,18.6800,18.7200,18.7200,1575400,0.0000
2011-11-11,18.3400,19.7400,17.9900,19.5900,19.5900,2012100,0.0000
2011-11-04,18.1800,18.8200,17.4800,18.3500,18.3500,2269600,0.0000
2011-10-28,17.0500,18.6800,16.8800,18.4700,18.4700,4033100,0.0000
2011-10-21,17.0600,17.3700,16.1600,17.0400,17.0400,1568100,0.0000
2011-10-14,16.6100,17.5226,16.3300,17.1500,17.1500,3661700,0.0000
2011-10-07,15.8700,17.4600,15.0450,16.3300,16.3300,4775500,0.0000
2011-09-30,16.0000,16.8900,15.2250,15.9900,15.9900,3063600,0.0000
2011-09-23,18.1500,18.4500,15.3500,15.8000,15.8000,2194100,0.0000
2011-09-16,17.4500,18.9900,17.1310,18.4900,18.4900,1805000,0.0000
2011-09-09,16.5100,18.3800,16.3100,17.5000,17.5000,2187800,0.0000
2011-09-02,18.4200,19.4300,16.9400,17.0800,17.0800,3772900,0.0000
2011-08-26,15.2900,18.6600,14.8400,18.1800,18.1800,5006700,0.0000
2011-08-19,16.1500,16.4800,14.8500,14.8900,14.8900,4466700,0.0000
2011-08-12,17.8500,19.0100,14.5936,16.0100,16.0100,8319400,0.0000
2011-08-05,21.5700,21.5900,17.4100,17.9300,17.9300,3431700,0.0000
2011-07-29,22.0900,22.1300,20.2900,21.3800,21.3800,2359000,0.0000
2011-07-22,21.5100,22.8200,21.1100,22.2900,22.2900,1407800,0.0000
2011-07-15,22.0700,22.3000,21.3300,21.5600,21.5600,1659200,0.0000
2011-07-08,23.0800,23.5400,22.0450,22.3300,22.3300,1798800,0.0000
2011-07-01,22.1600,23.4200,22.0000,23.1200,23.1200,2077800,0.0000
2011-06-24,21.4900,23.3100,21.2900,22.2100,22.2100,1863400,0.0000
2011-06-17,20.0600,21.8900,20.0112,21.4700,21.4700,2574200,0.0000
2011-06-10,20.4440,20.7300,19.9600,20.0500,20.0500,1654700,0.0000
2011-06-03,21.8100,21.9600,20.4600,20.4700,20.4700,1236500,0.0000
2011-05-27,20.8600,21.7200,20.6700,21.5600,21.5600,1885000,0.0000
2011-05-20,19.7100,21.4400,19.2000,21.2200,21.2200,2643400,0.0000
2011-05-13,20.2600,20.6100,19.8300,19.8700,19.8700,2878100,0.0000
2011-05-06,22.4000,22.4000,20.4000,20.8300,20.8300,2454800,0.0000
2011-04-29,21.7500,22.8225,21.6600,22.3200,22.3200,2216200,0.0000
2011-04-21,21.5700,22.0400,21.2700,21.7400,21.7400,1205000,0.0000
2011-04-15,21.4100,22.0700,20.9400,21.7600,21.7600,2069300,0.0000
2011-04-08,21.1000,22.1400,20.9700,21.4500,21.4500,1778900,0.0000
2011-04-01,20.5600,21.3300,20.0400,21.0000,21.0000,1833200,0.0000
2011-03-25,20.7900,21.0200,20.1400,20.6000,20.6000,1303900,0.0000
2011-03-18,20.1600,20.5400,18.7400,20.5400,20.5400,2164800,0.0000
2011-03-11,21.1600,21.2700,20.1100,20.4000,20.4000,1793200,0.0000
2011-03-04,20.6200,21.5700,20.3700,21.1000,21.1000,2619800,0.0000
2011-02-25,21.2700,21.4500,20.0600,20.5700,20.5700,1464700,0.0000
2011-02-18,21.7900,21.8900,21.2000,21.4900,21.4900,1476400,0.0000
2011-02-11,19.1900,22.8000,19.1300,21.7000,21.7000,5749500,0.0000
2011-02-04,18.1500,19.1400,18.0000,19.1300,19.1300,1879800,0.0000
2011-01-28,18.4600,18.9500,17.9400,18.0400,18.0400,2657700,0.0000
2011-01-21,18.4000,18.5800,18.0500,18.4300,18.4300,1140300,0.0000
2011-01-14,17.9600,18.5300,17.9100,18.5200,18.5200,1080800,0.0000
2011-01-07,18.0000,18.3500,17.8400,18.0900,18.0900,2284100,0.0000
2010-12-31,18.0000,18.1300,17.8500,17.8700,17.8700,1315600,0.0000
2010-12-23,18.0500,18.4700,17.8800,18.0000,18.0000,1191900,0.0000
2010-12-17,18.3200,18.4900,17.9400,17.9900,17.9900,2273000,0.0000
2010-12-10,17.7700,18.4800,17.5300,18.3000,18.3000,2024100,0.0000
2010-12-03,15.3400,17.8500,14.9900,17.7500,17.7500,3485200,0.0000
2010-11-26,15.8300,16.1500,15.6400,15.7500,15.7500,1337800,0.0000
2010-11-19,15.6000,15.9800,15.3000,15.9000,15.9000,1961300,0.0000
2010-11-12,15.5600,15.9500,15.3700,15.5500,15.5500,1772200,0.0000
2010-11-05,14.7900,15.6300,14.4893,15.6100,15.6100,1666500,0.0000
2010-10-29,14.8000,15.0400,14.5200,14.7600,14.7600,1221600,0.0000
2010-10-22,14.9800,15.0200,14.5700,14.6600,14.6600,2446300,0.0000
2010-10-15,14.8500,15.0500,14.3900,14.9200,14.9200,2277800,0.0000
2010-10-08,14.5200,14.8900,14.1900,14.8200,14.8200,2013876,0.0000
2010-10-01,14.6000,14.7900,13.9600,14.5000,14.5000,2555900,0.0000
2010-09-24,14.1600,14.6400,13.9200,14.6400,14.6400,2542400,0.0000
2010-09-17,14.7000,14.9000,13.9700,14.1500,14.1500,3557800,0.0000
2010-09-10,14.9400,15.0200,14.4000,14.6000,14.6000,1109900,0.0000
2010-09-03,13.9700,15.3600,13.7000,14.9800,14.9800,2947700,0.0000
2010-08-27,14.2200,14.2400,13.5200,13.9900,13.9900,2877900,0.0000
2010-08-20,13.8900,14.3800,13.8000,14.1200,14.1200,3128400,0.0000
2010-08-13,14.7300,14.9200,13.9400,14.0000,14.0000,2641500,0.0000
2010-08-06,17.2200,17.4200,14.2500,14.7500,14.7500,8233400,0.0000
2010-07-30,18.0900,18.8100,16.8300,17.0600,17.0600,2974500,0.0000
2010-07-23,17.7700,18.2200,17.2300,18.0900,18.0900,2385700,0.0000
2010-07-16,17.6000,18.4600,17.5400,17.7600,17.7600,2457300,0.0000
2010-07-09,17.1000,17.9700,16.3500,17.6600,17.6600,2238100,0.0000
2010-07-02,18.6200,19.0800,16.7500,16.8800,16.8800,3454600,0.0000
2010-06-25,19.6900,19.8900,17.8700,18.5900,18.5900,3504500,0.0000
2010-06-18,19.8100,20.3700,19.0400,19.3800,19.3800,3154600,0.0000
2010-06-11,19.0500,19.8600,18.3302,19.6900,19.6900,3336000,0.0000
2010-06-04,20.8700,21.0000,18.9800,19.0200,19.0200,2432600,0.0000
2010-05-28,19.1300,21.3200,18.8200,21.0000,21.0000,2974900,0.0000
2010-05-21,21.8200,22.2100,18.6600,19.4000,19.4000,3161900,0.0000
2010-05-14,21.1600,22.8700,21.0200,21.7400,21.7400,2187600,0.0000
2010-05-07,22.2600,22.6400,18.9100,19.9200,19.9200,5053800,0.0000
2010-04-30,21.4900,23.1095,21.4600,22.2000,22.2000,2579700,0.0000
2010-04-23,20.4300,21.7700,20.1800,21.4600,21.4600,2153000,0.0000
2010-04-16,19.7200,20.9100,19.5200,20.4500,20.4500,3021200,0.0000
2010-04-09,19.4500,20.2400,19.3700,19.6800,19.6800,1379000,0.0000
2010-04-01,19.1700,19.5500,19.0800,19.4500,19.4500,1189900,0.0000
2010-03-26,18.8300,19.4900,18.5300,19.2000,19.2000,2231700,0.0000
2010-03-19,18.4300,19.0700,18.3775,18.8900,18.8900,1926100,0.0000
2010-03-12,18.9600,19.3800,18.7200,19.1100,19.1100,2037900,0.0000
2010-03-05,17.5500,19.0300,17.4500,18.9100,18.9100,2305300,0.0000
2010-02-26,17.6000,17.8500,17.2500,17.4000,17.4000,1051200,0.0000
2010-02-19,17.4100,17.6500,17.0015,17.6100,17.6100,1474300,0.0000
2010-02-12,16.8300,17.3300,16.1400,17.3300,17.3300,1926800,0.0000
2010-02-05,16.8100,17.2900,15.9200,16.8000,16.8000,2977400,0.0000
2010-01-29,16.7100,16.9700,16.2800,16.8000,16.8000,1660200,0.0000
2010-01-22,16.7600,17.5000,16.4700,16.6300,16.6300,1272500,0.0000
2010-01-15,16.6800,16.9200,16.3300,16.8100,16.8100,1591400,0.0000
2010-01-08,16.1200,16.8700,16.1200,16.6500,16.6500,2172200,0.0000
2009-12-31,16.8000,16.9500,16.0000,16.0000,16.0000,912600,0.0000
2009-12-24,16.3200,16.9000,16.1400,16.7200,16.7200,770400,0.0000
2009-12-18,16.1700,16.5200,15.8200,16.2900,16.2900,1716300,0.0000
2009-12-11,16.4900,16.7200,15.7000,16.0300,16.0300,2880200,0.0000
2009-12-04,15.4700,17.0500,15.1100,16.5400,16.5400,6315100,0.0000
2009-11-27,15.5800,15.9000,15.2700,15.4500,15.4500,959300,0.0000
2009-11-20,15.3400,16.0099,15.1800,15.3500,15.3500,2815300,0.0000
2009-11-13,14.6000,15.1500,14.2000,15.1500,15.1500,3143400,0.0000
2009-11-06,14.4000,14.7800,14.0300,14.4500,14.4500,1280400,0.0000
2009-10-30,15.2800,15.7200,14.3000,14.3600,14.3600,1924800,0.0000
2009-10-23,16.0800,16.4500,15.1200,15.3200,15.3200,1521500,0.0000
2009-10-16,16.0200,16.1700,15.3300,16.0800,16.0800,1135400,0.0000
2009-10-09,15.4300,16.0476,15.2200,15.9600,15.9600,1183700,0.0000
2009-10-02,15.9700,16.4300,15.2300,15.4100,15.4100,1596500,0.0000
2009-09-25,16.3300,16.7900,15.7500,15.8600,15.8600,1486100,0.0000
2009-09-18,15.9200,16.7200,15.4500,16.4300,16.4300,2385400,0.0000
2009-09-11,15.9100,16.5800,15.6101,16.0800,16.0800,945800,0.0000
2009-09-04,16.8500,16.9300,15.3100,15.8400,15.8400,1490800,0.0000
2009-08-28,16.7300,17.3500,16.1400,16.9400,16.9400,1783000,0.0000
2009-08-21,15.9000,16.8300,15.0500,16.6400,16.6400,2238300,0.0000
2009-08-14,15.8500,16.3400,15.5200,16.0500,16.0500,2533800,0.0000
2009-08-07,17.0300,17.5000,15.3600,15.9700,15.9700,4032600,0.0000
2009-07-31,15.9100,17.4500,15.5801,16.7700,16.7700,2446800,0.0000
2009-07-24,15.8600,16.2500,15.0900,15.8900,15.8900,1803600,0.0000
2009-07-17,14.3300,16.0300,14.0500,15.9500,15.9500,2391400,0.0000
2009-07-10,14.1400,14.5000,13.7601,14.3200,14.3200,2155400,0.0000
2009-07-02,14.1500,15.4900,13.9400,14.1600,14.1600,2185500,0.0000
2009-06-26,13.1700,14.2400,12.2600,14.1800,14.1800,3239100,0.0000
2009-06-19,14.5400,14.5400,13.1700,13.1700,13.1700,2740000,0.0000
2009-06-12,16.1300,16.8300,14.5000,14.6000,14.6000,1991400,0.0000
2009-06-05,14.7600,16.5800,14.6200,16.4100,16.4100,2160100,0.0000
2009-05-29,13.4700,14.5500,13.3800,14.5000,14.5000,1965000,0.0000
2009-05-22,14.5300,14.9200,13.4300,13.5500,13.5500,2277700,0.0000
2009-05-15,15.3000,15.7600,14.2000,14.4300,14.4300,2989200,0.0000
2009-05-08,17.3600,18.1200,15.4100,15.7000,15.7000,3739000,0.0000
2009-05-01,14.7900,17.7100,14.1450,17.1100,17.1100,3989800,0.0000
2009-04-24,14.7200,15.0600,13.7101,14.8900,14.8900,1714300,0.0000
2009-04-17,14.4800,14.9200,13.5900,14.8300,14.8300,1890300,0.0000
2009-04-09,14.0600,14.9350,13.3700,14.5100,14.5100,1216200,0.0000
2009-04-03,13.7500,14.7100,12.7800,14.2200,14.2200,2601900,0.0000
2009-03-27,11.6700,14.6800,11.4100,13.9700,13.9700,3836100,0.0000
2009-03-20,12.7000,13.3300,11.3074,11.3100,11.3100,2634100,0.0000
2009-03-13,10.6800,12.7800,10.6600,12.6500,12.6500,4410900,0.0000
2009-03-06,10.9700,11.2696,10.5600,10.8400,10.8400,3259000,0.0000
2009-02-27,11.1100,11.3900,10.3800,10.9700,10.9700,1966200,0.0000
2009-02-20,12.6500,12.7900,10.6200,11.0300,11.0300,2836100,0.0000
2009-02-13,12.1700,13.0100,11.8300,12.9100,12.9100,3238600,0.0000
2009-02-06,12.7100,13.7899,9.8100,12.2900,12.2900,6488800,0.0000
2009-01-30,12.4100,13.6400,12.3000,12.7300,12.7300,1456400,0.0000
2009-01-23,13.3700,13.4700,12.0500,12.4300,12.4300,1360800,0.0000
2009-01-16,13.4800,13.9100,12.6500,13.5100,13.5100,2088700,0.0000
2009-01-09,14.5000,15.0500,13.2000,13.4600,13.4600,4080000,0.0000
2009-01-02,13.0800,14.5500,12.2500,14.3700,14.3700,2723200,0.0000
2008-12-26,14.0000,14.3800,12.5700,13.2200,13.2200,1379100,0.0000
2008-12-19,12.7800,14.4100,12.1300,13.9900,13.9900,3943600,0.0000
2008-12-12,12.5000,13.4400,11.6400,12.7600,12.7600,2915800,0.0000
2008-12-05,11.5000,12.5000,10.0700,12.3600,12.3600,6865500,0.0000
2008-11-28,10.2100,12.1200,10.1600,11.8200,11.8200,2853300,0.0000
2008-11-21,11.0900,11.9100,9.0120,9.9800,9.9800,4939900,0.0000
2008-11-14,13.6300,13.6800,10.1200,11.2500,11.2500,3909900,0.0000
2008-11-07,13.6500,14.2400,12.4100,13.2500,13.2500,3947800,0.0000
2008-10-31,11.3000,13.8400,10.4200,13.6800,13.6800,4696300,0.0000
2008-10-24,13.8800,14.5100,11.2200,11.3900,11.3900,5772900,0.0000
2008-10-17,15.1700,16.9000,12.3300,13.6700,13.6700,4944700,0.0000
2008-10-10,13.3200,14.7900,11.5700,14.5900,14.5900,5159000,0.0000
2008-10-03,16.0900,16.9900,13.5200,13.5600,13.5600,6234700,0.0000
2008-09-26,17.9300,18.0000,15.4800,16.4900,16.4900,4142100,0.0000
2008-09-19,16.4000,18.7400,15.8900,17.7200,17.7200,6496900,0.0000
2008-09-12,16.4100,16.9900,15.0700,16.5000,16.5000,4508500,0.0000
2008-09-05,16.6000,17.2000,15.3700,15.8100,15.8100,4066700,0.0000
2008-08-29,15.9000,16.5900,15.0900,16.2800,16.2800,4588900,0.0000
2008-08-22,16.1900,16.9100,15.4000,15.9700,15.9700,5453500,0.0000
2008-08-15,15.4400,16.1900,14.5300,16.1800,16.1800,5505700,0.0000
2008-08-08,13.1800,15.3500,12.7000,14.7000,14.7000,5237300,0.0000
2008-08-01,12.8600,13.9600,11.7000,13.1400,13.1400,3589000,0.0000
2008-07-25,11.3600,13.2400,11.2100,12.8600,12.8600,3123300,0.0000
2008-07-18,10.5000,11.4900,9.5300,11.3200,11.3200,2127500,0.0000
2008-07-11,10.4300,11.6800,10.0700,10.4300,10.4300,2546800,0.0000
2008-07-03,10.4000,10.7500,10.2100,10.3700,10.3700,1769800,0.0000
2008-06-27,11.4400,11.5300,10.0500,10.3700,10.3700,2718900,0.0000
2008-06-20,11.6100,12.1800,11.2000,11.3800,11.3800,1717100,0.0000
2008-06-13,12.1400,12.2500,11.3300,11.6600,11.6600,1787500,0.0000
2008-06-06,12.2200,12.7500,11.6500,12.0500,12.0500,2646600,0.0000
2008-05-30,11.7900,12.2900,11.2300,12.2100,12.2100,1647600,0.0000
2008-05-23,12.9800,13.3100,11.1300,11.7500,11.7500,3633800,0.0000
2008-05-16,11.9300,12.9900,11.2500,12.9500,12.9500,3300100,0.0000
2008-05-09,11.2900,11.3950,9.3600,11.1700,11.1700,3130200,0.0000
2008-05-02,11.3000,11.5400,10.4900,11.3700,11.3700,3188400,0.0000
2008-04-25,10.1500,11.7500,9.7900,11.2900,11.2900,1892700,0.0000
2008-04-18,9.6700,10.6200,9.4600,10.2400,10.2400,1575700,0.0000
2008-04-11,10.2500,10.3100,9.6500,9.6900,9.6900,1218700,0.0000
2008-04-04,9.6400,10.4700,9.5200,10.2200,10.2200,2406200,0.0000
2008-03-28,8.1300,9.8700,8.0200,9.6600,9.6600,3084300,0.0000
2008-03-20,7.6300,8.3100,7.5500,8.0100,8.0100,3712200,0.0000
2008-03-14,7.6500,8.6500,7.6000,7.8700,7.8700,2768900,0.0000
2008-03-07,8.5300,8.5800,7.5500,7.6000,7.6000,3358400,0.0000
2008-02-29,9.0100,9.7150,8.4700,8.5600,8.5600,2415200,0.0000
2008-02-22,9.1400,9.5300,8.7500,9.0300,9.0300,1052200,0.0000
2008-02-15,8.9600,9.6500,8.6100,8.9600,8.9600,2673400,0.0000
2008-02-08,9.7400,9.7400,8.5100,8.9200,8.9200,3422200,0.0000
2008-02-01,8.1100,9.9000,8.0200,9.7900,9.7900,3745000,0.0000
2008-01-25,7.1000,9.0400,7.0500,8.1100,8.1100,3424700,0.0000
2008-01-18,7.7500,7.9400,7.0500,7.4900,7.4900,3314500,0.0000
2008-01-11,7.5000,8.2000,6.7000,7.7000,7.7000,3084000,0.0000
2008-01-04,8.4200,8.5400,7.3100,7.4600,7.4600,2400500,0.0000
2007-12-28,8.2900,9.1700,8.1500,8.5000,8.5000,1873400,0.0000
2007-12-21,9.3400,9.4000,8.1700,8.2700,8.2700,4118600,0.0000
2007-12-14,10.3000,10.8000,9.3100,9.3800,9.3800,4147500,0.0000
2007-12-07,9.1900,10.3300,8.6100,10.3000,10.3000,4314900,0.0000
2007-11-30,7.5400,9.3100,6.9500,9.2100,9.2100,5836300,0.0000
2007-11-23,8.5100,8.5100,7.4300,7.5500,7.5500,2510000,0.0000
2007-11-16,8.5100,9.1600,8.3800,8.5900,8.5900,3272600,0.0000
2007-11-09,8.6100,8.7500,7.7200,8.5400,8.5400,3375900,0.0000
2007-11-02,8.8300,9.3500,8.4800,8.7300,8.7300,3137300,0.0000
2007-10-26,9.1600,9.5700,8.5400,8.8200,8.8200,2575700,0.0000
2007-10-19,10.7600,10.8500,9.1200,9.2600,9.2600,3406300,0.0000
2007-10-12,11.6800,11.7000,10.5000,10.7200,10.7200,2564500,0.0000
2007-10-05,10.2000,12.3000,10.1300,12.1700,12.1700,3807100,0.0000
2007-09-28,11.1700,11.2700,9.6300,10.2200,10.2200,3073900,0.0000
2007-09-21,10.4000,11.6400,10.4000,11.1900,11.1900,2557200,0.0000
2007-09-14,10.9000,11.1200,10.3000,10.5000,10.5000,2431200,0.0000
2007-09-07,11.5900,11.7700,10.7600,10.8500,10.8500,1388300,0.0000
2007-08-31,11.0000,11.7300,10.8900,11.6500,11.6500,4004400,0.0000
2007-08-24,12.5800,12.6600,10.9400,11.0000,11.0000,3030400,0.0000
2007-08-17,13.1800,13.6600,11.2100,12.5600,12.5600,7747600,0.0000
2007-08-10,14.3500,14.9600,12.9300,13.0300,13.0300,9691700,0.0000
2007-08-03,15.0000,15.1700,14.2200,14.3500,14.3500,3350000,0.0000
2007-07-27,16.3200,16.4600,14.4900,14.9900,14.9900,4069600,0.0000
2007-07-20,16.4600,16.6700,15.9900,16.2800,16.2800,3709700,0.0000
2007-07-13,16.3400,16.6100,15.7600,16.5800,16.5800,2968400,0.0000
2007-07-06,17.1000,17.1200,16.1200,16.3600,16.3600,3641000,0.0000
2007-06-29,17.1600,17.5800,16.6900,16.9900,16.9900,3117300,0.0000
2007-06-22,17.9900,18.0100,17.1500,17.2400,17.2400,1779600,0.0000
2007-06-15,17.3300,17.9400,17.0200,17.7800,17.7800,2595400,0.0000
2007-06-08,18.1000,18.1900,17.0600,17.3400,17.3400,2829600,0.0000
2007-06-01,17.3000,18.3700,17.1600,18.1300,18.1300,2213700,0.0000
2007-05-25,16.2900,18.2000,16.2800,17.2000,17.2000,2223900,0.0000
2007-05-18,16.0000,16.4100,15.8700,16.3900,16.3900,1877500,0.0000
2007-05-11,15.9350,16.3900,15.6600,16.0500,16.0500,2623300,0.0000
2007-05-04,16.2500,16.2500,15.5400,15.9700,15.9700,6570500,0.0000
2007-04-27,18.4500,18.6400,15.8100,16.3500,16.3500,7557600,0.0000
2007-04-20,16.6900,18.8800,16.6900,18.4700,18.4700,3789400,0.0000
2007-04-13,16.4400,16.6900,16.2900,16.6700,16.6700,2506500,0.0000
2007-04-05,16.1600,16.4100,15.6200,16.3900,16.3900,2228800,0.0000
2007-03-30,16.7600,16.7800,15.9900,16.1800,16.1800,1924262,0.0000
2007-03-23,15.3900,16.8200,15.2400,16.7200,16.7200,2532200,0.0000
2007-03-16,16.5000,16.5100,14.9700,15.2500,15.2500,5351800,0.0000
2007-03-09,16.3900,17.1200,15.9700,16.4900,16.4900,4290800,0.0000
2007-03-02,17.4000,17.4200,16.2600,16.5000,16.5000,4802700,0.0000
2007-02-23,17.4100,17.8000,17.2400,17.2700,17.2700,3504500,0.0000
2007-02-16,18.0300,18.3800,17.2000,17.4800,17.4800,5798000,0.0000
2007-02-09,21.1900,21.5000,17.7500,18.4000,18.4000,12395700,0.0000
2007-02-02,20.3100,21.5000,20.0200,21.2400,21.2400,2259800,0.0000
2007-01-26,19.5200,20.6000,18.4800,20.3200,20.3200,2641900,0.0000
2007-01-19,19.5300,20.1400,19.2400,19.5500,19.5500,1891800,0.0000
2007-01-12,18.5900,19.9800,18.3200,19.5300,19.5300,2564200,0.0000
2007-01-05,18.9900,19.1900,18.4500,18.6000,18.6000,1515700,0.0000
2006-12-29,19.0400,19.4300,18.7840,18.8200,18.8200,1336900,0.0000
2006-12-22,19.0800,19.8100,18.6700,18.9900,18.9900,2106600,0.0000
2006-12-15,21.7100,21.8995,19.0100,19.1100,19.1100,5108000,0.0000
2006-12-08,20.1000,21.7700,19.9600,21.6500,21.6500,1803000,0.0000
2006-12-01,20.6700,20.9400,19.7000,19.9700,19.9700,2141700,0.0000
2006-11-24,21.5000,21.8900,20.8100,20.8200,20.8200,1290500,0.0000
2006-11-17,20.7500,22.5300,20.4900,21.4400,21.4400,2624800,0.0000
2006-11-10,20.1700,20.7700,19.8500,20.6600,20.6600,2063500,0.0000
2006-11-03,20.7600,20.7800,18.6536,19.9700,19.9700,5978100,0.0000
2006-10-27,21.6000,23.5800,20.6600,20.7800,20.7800,2868300,0.0000
2006-10-20,23.7700,24.1600,21.5500,21.7500,21.7500,2184000,0.0000
2006-10-13,20.4700,23.9000,20.4700,23.8600,23.8600,2759000,0.0000
2006-10-06,20.1600,21.0700,19.2900,20.5400,20.5400,2256400,0.0000
2006-09-29,19.8800,21.5500,19.3700,20.2400,20.2400,1677300,0.0000
2006-09-22,20.5100,20.5600,19.3400,19.7400,19.7400,1837300,0.0000
2006-09-15,19.0200,21.6800,18.8700,20.4500,20.4500,2714900,0.0000
2006-09-08,18.8800,19.7000,18.4100,19.0700,19.0700,1920700,0.0000
2006-09-01,16.6200,19.0600,16.6200,18.8300,18.8300,1856900,0.0000
2006-08-25,18.3600,18.4100,16.3400,16.6600,16.6600,2177000,0.0000
2006-08-18,17.5200,19.2400,17.0600,18.5050,18.5050,1751500,0.0000
2006-08-11,17.7900,18.7400,16.0000,17.3300,17.3300,4969500,0.0000
2006-08-04,18.9500,18.9900,17.4600,17.9800,17.9800,2021200,0.0000
2006-07-28,18.9500,19.8000,18.6300,18.8800,18.8800,2434000,0.0000
2006-07-21,19.0700,20.0600,18.1000,18.7400,18.7400,2488100,0.0000
2006-07-14,22.1000,22.1000,18.9300,19.0600,19.0600,3629700,0.0000
2006-07-07,22.1900,22.7300,21.8600,22.0400,22.0400,1562200,0.0000
2006-06-30,22.0100,22.4100,20.4900,22.0100,22.0100,4216100,0.0000
2006-06-23,22.6200,23.0700,21.3600,21.9000,21.9000,1850800,0.0000
2006-06-16,32.7700,33.3300,20.2600,22.5000,22.5000,4075800,0.0000
2006-06-09,37.3300,37.8800,32.0700,33.3900,22.2600,4082201,0.0000
2006-06-02,38.0300,39.6000,36.9500,37.2300,24.8200,1485934,0.0000
2006-05-26,36.1200,38.9000,35.5700,38.0200,25.3467,1946334,0.0000
2006-05-19,40.4900,41.5100,35.7700,36.6300,24.4200,1672267,0.0000
2006-05-12,37.3800,43.4500,37.0700,40.7500,27.1667,1926734,0.0000
2006-05-05,37.0700,38.5700,36.2700,37.6300,25.0867,737734,0.0000
2006-04-28,39.5600,39.8600,34.4600,37.0000,24.6667,1372267,0.0000
2006-04-21,38.1900,39.8800,37.6900,39.2700,26.1800,771200,0.0000
2006-04-13,39.9800,40.0000,37.1000,38.1900,25.4600,789400,0.0000
2006-04-07,40.7000,41.7200,38.7800,39.8000,26.5333,1052667,0.0000
2006-03-31,38.8100,40.7200,37.5500,40.6400,27.0933,700734,0.0000
2006-03-24,41.0000,41.0800,38.2900,39.0800,26.0533,772734,0.0000
2006-03-17,38.3300,41.0100,37.5600,40.8700,27.2467,774201,0.0000
2006-03-10,40.9800,40.9800,37.1700,38.6000,25.7333,1183135,0.0000
2006-03-03,38.0400,41.4300,37.0200,40.9100,27.2733,1376201,0.0000
2006-02-24,36.8300,38.0500,35.6900,38.0400,25.3600,477734,0.0000
2006-02-17,36.3900,37.8500,34.7100,36.7100,24.4733,1555734,0.0000
2006-02-10,32.2100,37.2200,30.6100,36.4000,24.2667,1967467,0.0000
2006-02-03,34.3700,34.8400,31.7700,31.9700,21.3133,1150335,0.0000
2006-01-27,32.4900,35.0700,31.8400,34.9600,23.3067,1867601,0.0000
2006-01-20,30.6500,32.5000,30.4300,32.4400,21.6267,1566934,0.0000
2006-01-13,29.2500,31.3000,29.1800,31.0000,20.6667,1634401,0.0000
2006-01-06,29.1500,29.4900,27.8100,29.2300,19.4867,1329734,0.0000
2005-12-30,29.5100,30.1800,27.7600,28.7300,19.1533,1359934,0.0000
2005-12-23,27.5000,29.8400,27.4900,29.6600,19.7733,1503534,0.0000
2005-12-16,27.0800,28.5000,26.6900,27.5000,18.3333,4906201,0.0000
2005-12-09,29.1600,30.0000,26.5500,26.8000,17.8667,848334,0.0000
2005-12-02,26.5200,29.4500,26.2000,29.3700,19.5800,585867,0.0000
2005-11-25,26.7500,27.7200,26.3900,27.4500,18.3000,466201,0.0000
2005-11-18,26.9000,27.9600,26.7000,26.9200,17.9467,434001,0.0000
2005-11-11,28.2300,28.5300,26.1600,26.9800,17.9867,846601,0.0000
2005-11-04,26.5700,28.6300,26.4900,28.1100,18.7400,554801,0.0000
2005-10-28,27.8000,28.7100,25.6100,26.3300,17.5533,589467,0.0000
2005-10-21,28.5100,30.5700,27.1900,27.8500,18.5667,572534,0.0000
2005-10-14,30.5600,30.6200,26.3600,28.6000,19.0667,764401,0.0000
2005-10-07,32.6900,33.0200,29.3100,30.3000,20.2000,819401,0.0000
2005-09-30,31.9600,33.2400,30.9575,32.6700,21.7800,434001,0.0000
2005-09-23,31.8800,33.5500,31.0800,31.7600,21.1733,656268,0.0000
2005-09-16,31.0500,32.2500,30.0200,31.6600,21.1067,502867,0.0000
2005-09-09,31.4300,32.9799,31.1000,31.4400,20.9600,575201,0.0000
2005-09-02,29.0900,33.3800,28.6600,31.0800,20.7200,1533334,0.0000
2005-08-26,28.6200,29.7400,26.7400,28.2500,18.8333,341001,0.0000
2005-08-19,29.0500,30.8500,28.1230,28.6100,19.0733,454867,0.0000
2005-08-12,26.1800,30.3200,24.2500,29.0500,19.3667,899134,0.0000
2005-08-05,26.0000,28.0000,25.7500,25.9900,17.3267,296001,0.0000
2005-07-29,27.9200,28.5700,25.1100,25.9700,17.3133,486467,0.0000
2005-07-22,26.7200,28.7500,25.6500,27.9300,18.6200,359201,0.0000
2005-07-15,26.1800,27.4500,25.9500,26.8500,17.9000,708067,0.0000
2005-07-08,26.0500,26.3200,25.1100,25.9900,17.3267,476334,0.0000
2005-07-01,26.4000,29.3900,25.6900,25.9200,17.2800,1124934,0.0000
2005-06-24,25.1300,27.6000,24.4110,27.1000,18.0667,771467,0.0000
2005-06-17,24.0500,26.0500,23.2700,25.1900,16.7933,436401,0.0000
2005-06-10,24.4400,24.4600,23.8800,24.1500,16.1000,171934,0.0000
2005-06-03,24.8200,25.0000,23.6000,24.4000,16.2667,465134,0.0000
2005-05-27,22.7200,25.9800,22.7200,25.0750,16.7167,338867,0.0000
2005-05-20,24.0400,24.0400,22.2500,22.7100,15.1400,604735,0.0000
2005-05-13,22.1600,25.2500,21.5700,23.6900,15.7933,561801,0.0000
2005-05-06,22.2600,22.4900,21.4500,21.9400,14.6267,355067,0.0000
2005-04-29,21.9900,22.5000,21.0200,22.2000,14.8000,483134,0.0000
2005-04-22,21.8200,22.8700,21.2000,21.7400,14.4933,654868,0.0000
2005-04-15,21.8100,22.1700,21.3000,21.6500,14.4333,390668,0.0000
2005-04-08,21.7400,22.4000,21.4200,21.7000,14.4667,648668,0.0000
2005-04-01,21.5600,22.3900,20.7500,21.8300,14.5533,799601,0.0000
2005-03-24,21.6600,23.1900,20.5700,21.2700,14.1800,450667,0.0000
2005-03-18,20.9500,22.3200,20.5500,21.6500,14.4333,460201,0.0000
2005-03-11,21.4000,21.7200,19.7600,20.9300,13.9533,567068,0.0000
2005-03-04,21.0800,22.4000,20.8900,21.6300,14.4200,434934,0.0000
2005-02-25,21.0200,21.0600,18.7700,20.9600,13.9733,311534,0.0000
2005-02-18,19.9900,21.1400,19.2300,20.7600,13.8400,1453534,0.0000
2005-02-11,20.0200,20.0200,19.0000,19.4400,12.9600,212667,0.0000
2005-02-04,19.9600,20.1800,19.5900,19.9300,13.2867,336667,0.0000
2005-01-28,19.7700,20.2000,19.1000,19.9500,13.3000,325134,0.0000
2005-01-21,20.1800,20.3300,19.4400,19.5600,13.0400,143401,0.0000
2005-01-14,19.1000,20.0400,19.1000,20.0400,13.3600,441935,0.0000
2005-01-07,19.9000,19.9000,18.8400,19.3300,12.8867,569934,0.0000
2004-12-31,19.4000,19.9200,18.6500,19.8600,13.2400,469201,0.0000
2004-12-23,20.7500,20.7500,18.8100,19.3800,12.9200,2237801,0.0000
2004-12-17,20.1500,21.6500,19.6300,20.5000,13.6667,2073601,0.0000
2004-12-10,20.0000,20.7120,19.4800,20.0300,13.3533,938534,0.0000
2004-12-03,18.3100,20.0000,18.0000,19.9300,13.2867,740668,0.0000
2004-11-26,17.8900,18.5000,17.3000,18.1100,12.0733,771734,0.0000
2004-11-19,17.8900,18.2000,17.1000,17.9000,11.9333,504734,0.0000
2004-11-12,17.7200,18.5500,17.5100,17.6800,11.7867,383068,0.0000
2004-11-05,18.5000,18.7400,17.1700,17.7700,11.8467,480668,0.0000
2004-10-29,17.3500,19.0000,17.0000,18.7500,12.5000,775868,0.0000
2004-10-22,17.2000,17.5000,16.9000,17.3300,11.5533,762001,0.0000
2004-10-15,17.0900,17.4500,16.8300,17.1800,11.4533,923467,0.0000
2004-10-08,16.5000,17.1800,15.7500,16.9800,11.3200,1396934,0.0000
2004-10-01,15.8000,16.5000,15.7800,16.4500,10.9667,2565601,0.0000
