timestamp,open,high,low,close,adjusted close,volume,dividend amount
2019-04-16,7.4000,7.4200,7.3600,7.4100,7.4100,2723729,0.0000
2019-04-12,7.3700,7.4000,7.3147,7.4000,7.4000,7103955,0.0000
2019-04-05,7.2700,7.3800,7.2400,7.3600,7.3600,11437454,0.0000
2019-03-29,7.2300,7.3500,7.1200,7.2700,7.2700,18740388,0.2000
2019-03-22,7.3100,7.3600,7.2000,7.2200,7.0259,10851621,0.0000
2019-03-15,7.2300,7.3400,7.2200,7.2900,7.0940,11692424,0.0000
2019-03-08,7.2600,7.3400,7.2000,7.2000,7.0065,14221191,0.0000
2019-03-01,7.3600,7.4000,7.2000,7.2700,7.0746,11561023,0.0000
2019-02-22,7.4000,7.4000,7.2200,7.3300,7.1330,11690933,0.0000
2019-02-15,7.3900,7.4550,7.3200,7.4000,7.2011,11420982,0.0000
2019-02-08,7.3900,7.4700,7.3350,7.3800,7.1816,9204490,0.0000
2019-02-01,7.2800,7.4000,7.2500,7.3900,7.1913,11010683,0.0000
2019-01-25,7.1000,7.2900,7.1000,7.2800,7.0843,7595789,0.0000
2019-01-18,7.0400,7.1750,7.0200,7.1000,6.9091,9314907,0.0000
2019-01-11,6.8600,7.0600,6.8500,7.0500,6.8605,9500512,0.0000
2019-01-04,6.8000,6.9000,6.5800,6.8600,6.6756,10985026,0.0000
2018-12-28,6.6000,6.8600,6.4000,6.8000,6.6172,15121570,0.2000
2018-12-21,7.0100,7.0800,6.6000,6.6100,6.2464,26943120,0.0000
2018-12-14,7.1500,7.1800,6.9500,6.9800,6.5961,12919948,0.0000
2018-12-07,7.2600,7.2700,7.0100,7.1600,6.7662,11735310,0.0000
2018-11-30,7.0700,7.2500,7.0350,7.2500,6.8512,12603204,0.0000
2018-11-23,7.0900,7.1300,6.9700,7.0300,6.6433,6920162,0.0000
2018-11-16,7.1400,7.2000,6.9900,7.1000,6.7095,10914977,0.0000
2018-11-09,6.9000,7.1550,6.8100,7.1400,6.7473,19807251,0.0000
2018-11-02,6.9000,7.0100,6.8500,6.8700,6.4921,15852171,0.0000
2018-10-26,7.0400,7.0700,6.8500,6.8800,6.5016,18236429,0.0000
2018-10-19,6.9300,7.1100,6.9300,7.0300,6.6433,11812501,0.0000
2018-10-12,7.2000,7.3200,6.8800,6.9200,6.5394,14284765,0.0000
2018-10-05,7.3500,7.3700,7.1800,7.2000,6.8040,15009534,0.0000
2018-09-28,7.6300,7.6500,7.3200,7.3500,6.9457,16997586,0.2000
2018-09-21,7.6800,7.7000,7.5200,7.6200,7.0101,21052003,0.0000
2018-09-14,7.7800,7.8200,7.6500,7.6900,7.0745,17739194,0.0000
2018-09-07,7.6700,7.7800,7.6300,7.7700,7.1481,13383356,0.0000
2018-08-31,7.6600,7.7100,7.6200,7.6600,7.0469,9236503,0.0000
2018-08-24,7.7100,7.7800,7.6300,7.6600,7.0469,16500942,0.0000
2018-08-17,7.5800,7.7400,7.5400,7.7100,7.0929,25555089,0.0000
2018-08-10,7.6700,7.6800,7.4600,7.5600,6.9549,34246559,0.0000
2018-08-03,7.8600,8.1450,7.6700,7.6700,7.0561,62046635,0.0000
2018-07-27,7.7500,7.9000,7.7300,7.8700,7.2401,9757785,0.0000
2018-07-20,7.7700,7.8300,7.7350,7.7800,7.1573,20174405,0.0000
2018-07-13,7.7600,7.8100,7.7200,7.7500,7.1297,7148697,0.0000
2018-07-06,7.5700,7.8100,7.5600,7.7400,7.1205,5256917,0.0000
2018-06-29,7.8400,7.9400,7.5200,7.5800,6.9733,9986832,0.2000
2018-06-22,7.7500,7.9000,7.7500,7.8400,7.0280,6599020,0.0000
2018-06-15,7.8400,7.8900,7.7100,7.7500,6.9473,7537450,0.0000
2018-06-08,7.8100,7.8600,7.7600,7.8400,7.0280,9921798,0.0000
2018-06-01,7.7200,7.8500,7.7001,7.7800,6.9742,8231429,0.0000
2018-05-25,7.7100,7.8050,7.6700,7.7300,6.9294,5719019,0.0000
2018-05-18,7.6700,7.7150,7.6300,7.7000,6.9025,5751204,0.0000
2018-05-11,7.6400,7.7400,7.4600,7.6500,6.8577,12031912,0.0000
2018-05-04,7.5900,7.6650,7.4000,7.6400,6.8487,8574020,0.0000
2018-04-27,7.5000,7.5900,7.4400,7.5700,6.7860,6259470,0.0000
2018-04-20,7.4500,7.5600,7.4000,7.4700,6.6963,6522460,0.0000
2018-04-13,7.5300,7.5600,7.3650,7.4200,6.6515,8227762,0.0000
2018-04-06,7.5300,7.5500,7.4100,7.4900,6.7143,21219214,0.0000
2018-03-29,7.5000,7.5900,7.3200,7.5300,6.7501,13388273,0.2000
2018-03-23,7.6200,7.6300,7.4200,7.4300,6.4859,13563133,0.0000
2018-03-16,7.5300,7.7200,7.5000,7.6400,6.6692,13184413,0.0000
2018-03-09,7.2100,7.5100,7.2000,7.5000,6.5470,11871406,0.0000
2018-03-02,7.3900,7.4200,7.0900,7.2200,6.3026,11526056,0.0000
2018-02-23,7.4100,7.4500,7.2400,7.3500,6.4161,12278727,0.0000
2018-02-16,6.9600,7.5000,6.9100,7.4200,6.4772,18126254,0.0000
2018-02-09,6.9500,7.0800,6.7200,6.9300,6.0494,24037465,0.0000
2018-02-02,7.4100,7.4300,6.9800,6.9900,6.1018,24149436,0.0000
2018-01-26,7.6400,7.6800,7.4000,7.4300,6.4859,12216216,0.0000
2018-01-19,7.8300,7.8400,7.5600,7.6100,6.6430,8892766,0.0000
2018-01-12,7.8200,7.8700,7.5800,7.8000,6.8089,9047313,0.0000
2018-01-05,7.9200,7.9400,7.7400,7.8100,6.8176,6899637,0.0000
2017-12-29,8.0900,8.1500,7.9200,7.9200,6.9136,5076886,0.2000
2017-12-22,8.2200,8.2900,7.9700,8.0700,6.8713,7921791,0.0000
2017-12-15,8.0700,8.2400,7.9300,8.2100,6.9905,14231356,0.0000
2017-12-08,8.1000,8.1300,8.0000,8.0600,6.8628,7295833,0.0000
2017-12-01,8.1400,8.1600,7.9050,8.0400,6.8457,11342779,0.0000
2017-11-24,8.0100,8.2200,8.0000,8.1400,6.9309,5518296,0.0000
2017-11-17,7.8000,8.1000,7.7800,8.0000,6.8117,14291143,0.0000
2017-11-10,7.9600,7.9700,7.7300,7.7800,6.6244,17897764,0.0000
2017-11-03,8.3800,8.4300,7.7500,7.9900,6.8032,15803050,0.0000
2017-10-27,8.7200,8.7200,8.2800,8.4000,7.1523,9951294,0.0000
2017-10-20,8.7700,8.8100,8.7000,8.7200,7.4247,5277014,0.0000
2017-10-13,8.6600,8.7500,8.6400,8.7500,7.4503,7638970,0.0000
2017-10-06,8.7800,8.8600,8.6400,8.6500,7.3651,8220310,0.0000
2017-09-29,8.8600,8.9000,8.6100,8.7600,7.4588,10128858,0.2000
2017-09-22,8.7300,8.8600,8.7000,8.8500,7.3661,9666995,0.0000
2017-09-15,8.6600,8.8100,8.6500,8.7200,7.2579,11939080,0.0000
2017-09-08,8.8100,8.8200,8.6250,8.6700,7.2163,6189425,0.0000
2017-09-01,8.7600,8.8300,8.6600,8.8000,7.3245,5541680,0.0000
2017-08-25,8.8400,8.8900,8.7300,8.7500,7.2829,7814913,0.0000
2017-08-18,8.8400,8.9000,8.7900,8.8500,7.3661,7968444,0.0000
2017-08-11,8.7300,8.8500,8.6800,8.8100,7.3328,12234537,0.0000
2017-08-04,8.4900,8.7600,8.4500,8.7200,7.2579,11241913,0.0000
2017-07-28,8.5700,8.5800,8.4200,8.4600,7.0415,16046472,0.0000
2017-07-21,8.6600,8.6700,8.3800,8.5500,7.1164,9934563,0.0000
2017-07-14,8.4400,8.6600,8.4000,8.6500,7.1996,11280676,0.0000
2017-07-07,8.4000,8.5600,8.4000,8.4400,7.0248,8621626,0.0000
2017-06-30,8.5600,8.6300,8.3150,8.3900,6.9832,12706603,0.2000
2017-06-23,8.6000,8.6600,8.4900,8.5500,6.9499,12973843,0.0000
2017-06-16,8.4800,8.5900,8.4000,8.5800,6.9743,15820407,0.0000
2017-06-09,8.3200,8.4700,8.2050,8.4600,6.8768,8895571,0.0000
2017-06-02,8.3100,8.4450,8.2050,8.3300,6.7711,7328572,0.0000
2017-05-26,8.1300,8.4000,8.1200,8.3300,6.7711,6993807,0.0000
2017-05-19,8.0700,8.1700,8.0500,8.1200,6.6004,9829480,0.0000
2017-05-12,7.9800,8.1200,7.9200,8.0700,6.5598,18980923,0.0000
2017-05-05,8.3400,8.4100,7.8000,7.9200,6.4378,27501160,0.0000
2017-04-28,8.1900,8.5200,8.1300,8.3100,6.7548,11195132,0.0000
2017-04-21,8.1300,8.2150,8.0700,8.1700,6.6410,6614727,0.0000
2017-04-13,8.0800,8.1800,8.0600,8.1400,6.6167,5964386,0.0000
2017-04-07,8.0800,8.1700,8.0200,8.0800,6.5679,8169387,0.0000
2017-03-31,7.9000,8.1100,7.8300,8.0800,6.5679,9491648,0.2000
2017-03-24,8.1200,8.1800,8.0200,8.0700,6.3984,9148396,0.0000
2017-03-17,8.0100,8.1100,7.8900,8.0900,6.4142,9183671,0.0000
2017-03-10,8.0800,8.1100,7.8700,7.9900,6.3350,7813955,0.0000
2017-03-03,8.0200,8.1300,8.0000,8.1000,6.4222,9316707,0.0000
2017-02-24,8.0200,8.0800,7.9500,8.0400,6.3746,6349306,0.0000
2017-02-17,8.0900,8.1400,7.9230,7.9800,6.3270,9941828,0.0000
2017-02-10,7.9900,8.0900,7.9500,8.0600,6.3905,12293172,0.0000
2017-02-03,7.8500,8.0300,7.6650,7.9900,6.3350,12926456,0.0000
2017-01-27,7.9000,7.9500,7.8200,7.8700,6.2398,6955524,0.0000
2017-01-20,7.8600,7.9000,7.7800,7.8800,6.2477,4979871,0.0000
2017-01-13,7.9400,7.9400,7.7300,7.8300,6.2081,17303650,0.0000
2017-01-06,7.6500,7.9550,7.6300,7.9400,6.2953,8392566,0.0000
2016-12-30,7.6400,7.6850,7.5600,7.6300,6.0495,5795802,0.0000
2016-12-23,7.7400,7.9600,7.6200,7.6400,6.0575,11093324,0.2000
2016-12-16,8.0000,8.0350,7.5300,7.7100,5.9570,12601059,0.0000
2016-12-09,7.6300,8.0450,7.6300,8.0100,6.1888,24562254,0.0000
2016-12-02,7.7900,7.9600,7.6100,7.6500,5.9107,11739160,0.0000
2016-11-25,7.6900,7.8600,7.6700,7.7900,6.0188,9578224,0.0000
2016-11-18,7.3400,7.6600,7.3100,7.6400,5.9029,14220274,0.0000
2016-11-11,7.4400,7.4800,7.2200,7.3300,5.6634,9161466,0.0000
2016-11-04,7.2900,7.4250,7.1700,7.3800,5.7020,8238500,0.0000
2016-10-28,7.3100,7.4700,7.2500,7.3000,5.6402,5538286,0.0000
2016-10-21,7.2300,7.3250,7.1700,7.2900,5.6325,5737115,0.0000
2016-10-14,7.0900,7.3300,7.0900,7.2100,5.5707,9155376,0.0000
2016-10-07,7.4900,7.5000,7.0300,7.0800,5.4702,9816641,0.0000
2016-09-30,7.4800,7.5900,7.4000,7.4800,5.7793,10017404,0.2000
2016-09-23,7.4800,7.7600,7.4800,7.6800,5.7799,8335250,0.0000
2016-09-16,7.5000,7.6000,7.4200,7.4500,5.6068,12346332,0.0000
2016-09-09,7.7300,7.8400,7.5300,7.5400,5.6745,6518504,0.0000
2016-09-02,7.6300,7.8100,7.6010,7.7900,5.8627,6906899,0.0000
2016-08-26,7.7300,7.8500,7.6100,7.6200,5.7347,6131155,0.0000
2016-08-19,7.7600,7.8000,7.5500,7.7300,5.8175,10798951,0.0000
2016-08-12,7.8500,7.8600,7.7300,7.7600,5.8401,8446325,0.0000
2016-08-05,7.5300,7.8600,7.4600,7.8300,5.8928,8962658,0.0000
2016-07-29,7.5100,7.5700,7.4000,7.5200,5.6595,8203309,0.0000
2016-07-22,7.3100,7.5400,7.3000,7.4900,5.6369,5894130,0.0000
2016-07-15,7.3000,7.4000,7.2600,7.2900,5.4864,7595222,0.0000
2016-07-08,7.2900,7.4000,7.2100,7.3000,5.4939,7604668,0.0000
2016-07-01,6.9600,7.3200,6.8300,7.2700,5.4713,11918015,0.0000
2016-06-24,7.2800,7.3200,6.8300,6.9900,5.2606,14290486,0.2000
2016-06-17,7.3600,7.3650,7.1700,7.2700,5.3191,9390440,0.0000
2016-06-10,7.2800,7.3800,7.2100,7.3500,5.3777,4966911,0.0000
2016-06-03,7.1700,7.3000,7.1400,7.2600,5.3118,6317019,0.0000
2016-05-27,7.0300,7.2200,7.0000,7.1900,5.2606,4804925,0.0000
2016-05-20,7.0700,7.1500,6.8823,7.0100,5.1289,8103795,0.0000
2016-05-13,7.0800,7.1850,7.0500,7.0700,5.1728,13946264,0.0000
2016-05-06,6.9200,7.0800,6.6900,7.0800,5.1801,9380992,0.0000
2016-04-29,6.7300,6.9300,6.7100,6.9100,5.0558,10791145,0.0000
2016-04-22,6.7800,6.8700,6.7000,6.7300,4.9241,6337489,0.0000
2016-04-15,6.8300,6.9200,6.7700,6.7800,4.9606,8470276,0.0000
2016-04-08,6.8500,6.8800,6.7700,6.8600,5.0192,7181746,0.0000
2016-04-01,6.6500,6.8600,6.5700,6.8400,5.0045,6680596,0.0000
2016-03-24,6.8700,6.9800,6.5400,6.6500,4.8655,9132652,0.2000
2016-03-18,6.8600,6.9300,6.7200,6.8700,4.8784,8847846,0.0000
2016-03-11,6.8700,6.9499,6.7050,6.8600,4.8713,11398648,0.0000
2016-03-04,6.8200,6.9400,6.7300,6.8800,4.8855,13272962,0.0000
2016-02-26,6.5700,6.9100,6.5500,6.8200,4.8429,11910210,0.0000
2016-02-19,6.4400,6.6900,6.4000,6.5500,4.6512,7689331,0.0000
2016-02-12,6.3700,6.4200,6.1700,6.3900,4.5376,13786737,0.0000
2016-02-05,6.3400,6.5700,6.3200,6.4100,4.5518,18617789,0.0000
2016-01-29,6.0000,6.3600,5.7700,6.3500,4.5092,22982502,0.0000
2016-01-22,6.1800,6.1900,5.6110,6.0000,4.2606,15786397,0.0000
2016-01-15,6.6000,6.6900,6.0600,6.1900,4.3956,12015941,0.0000
2016-01-08,6.5700,6.9500,6.5600,6.5800,4.6725,14243150,0.0000
2015-12-31,6.7600,6.8000,6.6000,6.6000,4.6867,5729172,0.0000
2015-12-24,6.8800,7.0300,6.7600,6.7800,4.8145,6140805,0.2000
2015-12-18,6.6900,6.8900,6.1700,6.8300,4.7113,20734598,0.0000
2015-12-11,6.8900,6.8900,6.6600,6.7000,4.6216,14883507,0.0000
2015-12-04,7.0000,7.0500,6.8000,6.8900,4.7526,12631980,0.0000
2015-11-27,6.8900,6.9900,6.8400,6.9900,4.8216,4974453,0.0000
2015-11-20,6.8400,6.9600,6.8100,6.8900,4.7526,6855150,0.0000
2015-11-13,6.8000,6.9500,6.7100,6.8600,4.7319,7626822,0.0000
2015-11-06,6.9200,7.0500,6.7750,6.8100,4.6975,11868425,0.0000
2015-10-30,7.0800,7.0900,6.8350,6.9200,4.7733,9475247,0.0000
2015-10-23,7.0700,7.1250,7.0200,7.0600,4.8699,6485674,0.0000
2015-10-16,7.1000,7.1700,6.9450,7.0700,4.8768,7171447,0.0000
2015-10-09,6.9000,7.1700,6.9000,7.0800,4.8837,7107876,0.0000
2015-10-02,7.0000,7.0100,6.6700,6.8900,4.7526,13460798,0.0000
2015-09-25,7.1500,7.3699,7.0200,7.0300,4.8492,14707700,0.2000
2015-09-18,7.1200,7.2400,7.0000,7.1700,4.8090,12972550,0.0000
2015-09-11,7.0300,7.1200,6.9500,7.1100,4.7687,8626731,0.0000
2015-09-04,7.2000,7.2000,6.9200,6.9700,4.6748,8164480,0.0000
2015-08-28,7.0200,7.2800,5.7800,7.2100,4.8358,13756607,0.0000
2015-08-21,7.4800,7.5400,7.3000,7.3000,4.8962,8124621,0.0000
2015-08-14,7.3500,7.5300,7.3300,7.4900,5.0236,8889987,0.0000
2015-08-07,7.5300,7.5400,7.3500,7.3500,4.9297,12559779,0.0000
2015-07-31,7.3800,7.5950,7.3800,7.5300,5.0504,10132642,0.0000
2015-07-24,7.6400,7.6600,7.4000,7.4200,4.9766,6902824,0.0000
2015-07-17,7.7100,7.7500,7.6000,7.6300,5.1175,10728993,0.0000
2015-07-10,7.4700,7.7950,7.4700,7.7000,5.1644,12963278,0.0000
2015-07-02,7.4800,7.5500,7.3500,7.5100,5.0370,11061662,0.0000
2015-06-26,7.9500,7.9800,7.5000,7.5100,5.0370,10293008,0.2000
2015-06-19,7.7800,7.9800,7.7000,7.9300,5.1820,13246874,0.0000
2015-06-12,7.6800,7.8350,7.6600,7.7900,5.0905,11769700,0.0000
2015-06-05,7.9600,8.0000,7.6800,7.6900,5.0251,7217169,0.0000
2015-05-29,7.9200,7.9600,7.8800,7.9400,5.1885,7626127,0.0000
2015-05-22,7.9000,7.9800,7.8900,7.9300,5.1820,5725629,0.0000
2015-05-15,7.8100,7.9300,7.7100,7.9200,5.1754,14906312,0.0000
2015-05-08,7.8100,7.9200,7.7000,7.8100,5.1036,11409888,0.0000
2015-05-01,7.9800,7.9985,7.7350,7.8000,5.0970,10300697,0.0000
2015-04-24,7.9900,8.0300,7.9200,7.9600,5.2016,6455140,0.0000
2015-04-17,7.9200,8.0400,7.8800,7.9900,5.2212,10328608,0.0000
2015-04-10,7.8700,7.9700,7.8500,7.9000,5.1624,6723038,0.0000
2015-04-02,7.8300,7.9200,7.8100,7.8700,5.1428,7989395,0.0000
2015-03-27,8.1600,8.2200,7.8100,7.8200,5.1101,24656835,0.2000
2015-03-20,7.8300,8.1600,7.8300,8.1600,5.1998,9755795,0.0000
2015-03-13,7.8000,7.9300,7.7900,7.8300,4.9895,17659040,0.0000
2015-03-06,7.9200,8.0700,7.7500,7.7700,4.9513,12244128,0.0000
2015-02-27,8.0100,8.0300,7.8700,7.9600,5.0724,7376557,0.0000
2015-02-20,7.8600,8.0400,7.8500,7.9900,5.0915,10913858,0.0000
2015-02-13,7.7700,7.9100,7.7100,7.8900,5.0277,8369312,0.0000
2015-02-06,7.8100,7.9000,7.6800,7.7600,4.9449,9219497,0.0000
2015-01-30,7.8000,7.9800,7.7600,7.8400,4.9959,12289041,0.0000
2015-01-23,7.8400,7.8800,7.7000,7.8100,4.9768,7914449,0.0000
2015-01-16,7.9500,8.0000,7.7800,7.8500,5.0023,11524417,0.0000
2015-01-09,7.9700,8.1700,7.9500,7.9700,5.0787,15474440,0.0000
2015-01-02,8.1300,8.2500,7.9800,8.1000,5.1616,8835632,0.0000
2014-12-26,8.2400,8.3500,8.0500,8.1400,5.1871,9522389,0.2000
2014-12-19,8.2300,8.2700,7.9200,8.2100,5.1059,18200465,0.0000
2014-12-12,8.3200,8.3600,8.1450,8.2300,5.1183,11847431,0.0000
2014-12-05,8.3800,8.4500,8.2700,8.3400,5.1867,7855502,0.0000
2014-11-28,8.2500,8.4100,8.2200,8.3800,5.2116,3783975,0.0000
2014-11-21,8.2300,8.3000,8.1950,8.2300,5.1183,5858707,0.0000
2014-11-14,8.2100,8.3000,8.1800,8.2600,5.1370,3425696,0.0000
2014-11-07,8.3500,8.4500,8.1400,8.2500,5.1308,11957461,0.0000
2014-10-31,8.3200,8.4400,8.1800,8.3800,5.2116,9278510,0.0000
2014-10-24,8.2200,8.4000,8.1500,8.3200,5.1743,8396768,0.0000
2014-10-17,8.1800,8.2900,8.1400,8.2200,5.1121,12980384,0.0000
2014-10-10,7.9600,8.2300,7.9550,8.1800,5.0872,18433400,0.0000
2014-10-03,7.9200,8.0100,7.7700,7.9700,4.9566,18465261,0.0000
2014-09-26,8.2000,8.2000,7.8400,7.9300,4.9318,11938102,0.2000
2014-09-19,8.0500,8.2300,8.0500,8.1800,4.9618,11911500,0.0000
2014-09-12,8.4500,8.4500,8.0600,8.0900,4.9072,10584700,0.0000
2014-09-05,8.4500,8.4700,8.3200,8.4500,5.1256,6877600,0.0000
2014-08-29,8.3800,8.4400,8.3500,8.4400,5.1195,5575500,0.0000
2014-08-22,8.3300,8.4000,8.3200,8.3500,5.0649,7465100,0.0000
2014-08-15,8.2400,8.3300,8.2200,8.3300,5.0528,5603900,0.0000
2014-08-08,8.2200,8.3000,8.1100,8.2200,4.9860,7561700,0.0000
2014-08-01,8.3600,8.3700,8.0700,8.1800,4.9618,11364000,0.0000
2014-07-25,8.3000,8.3700,8.2600,8.3300,5.0528,5782100,0.0000
2014-07-18,8.2100,8.3500,8.2000,8.3000,5.0346,7053131,0.0000
2014-07-11,8.0800,8.2700,8.0400,8.2200,4.9860,9314000,0.0000
2014-07-03,8.2300,8.4500,8.0300,8.4300,5.1134,10116100,0.0000
2014-06-27,8.3300,8.4000,8.0920,8.1900,4.9679,13123800,0.2000
2014-06-20,8.4100,8.5000,8.2900,8.3300,4.9313,18790600,0.0000
2014-06-13,8.4000,8.4400,8.2500,8.4200,4.9846,36076300,0.0000
2014-06-06,8.2400,8.4000,8.1200,8.4000,4.9728,10965000,0.0000
2014-05-30,8.1900,8.2550,8.1700,8.2300,4.8721,9856100,0.0000
2014-05-23,8.1100,8.1800,7.8700,8.1800,4.8425,10001500,0.0000
2014-05-16,8.0800,8.1200,8.0100,8.1100,4.8011,9472100,0.0000
2014-05-09,7.9500,8.1000,7.9200,8.0300,4.7537,11439800,0.0000
2014-05-02,7.9500,8.0000,7.8500,7.9400,4.7004,17167700,0.0000
2014-04-25,7.8900,7.9800,7.8750,7.9500,4.7064,9073900,0.0000
2014-04-17,7.8700,7.9000,7.8150,7.8900,4.6708,8107000,0.0000
2014-04-11,7.7500,7.9200,7.7300,7.8400,4.6412,8085073,0.0000
2014-04-04,7.6700,7.8100,7.6500,7.7600,4.5939,11016900,0.0000
2014-03-28,7.9000,7.9200,7.5500,7.6600,4.5347,14849000,0.2000
2014-03-21,7.9200,7.9600,7.7200,7.9000,4.5568,14966700,0.0000
2014-03-14,7.7400,7.9500,7.6800,7.8900,4.5511,13350400,0.0000
2014-03-07,7.8500,7.9100,7.6600,7.7000,4.4415,18006700,0.0000
2014-02-28,7.7500,7.9200,7.7100,7.8600,4.5338,15830900,0.0000
2014-02-21,7.6400,7.7700,7.6100,7.7100,4.4472,10374400,0.0000
2014-02-14,7.4500,7.6600,7.4000,7.6100,4.3896,13577400,0.0000
2014-02-07,7.3100,7.4900,7.2500,7.4500,4.2973,11596900,0.0000
2014-01-31,7.1900,7.4300,7.1400,7.2900,4.2050,14719000,0.0000
2014-01-24,7.1800,7.2400,7.1600,7.1900,4.1473,10378173,0.0000
2014-01-17,7.1700,7.2400,7.1300,7.1700,4.1358,14258300,0.0000
2014-01-10,7.1000,7.2300,7.0700,7.1900,4.1473,25520900,0.0000
2014-01-03,7.0800,7.1600,7.0100,7.0800,4.0838,11717700,0.0000
2013-12-27,7.3300,7.3400,7.0200,7.0800,4.0838,8639100,0.2000
2013-12-20,7.1000,7.3000,7.0600,7.3000,4.0951,17127500,0.0000
2013-12-13,7.1400,7.2800,7.0700,7.1100,3.9885,11599000,0.0000
2013-12-06,7.2800,7.2900,7.0950,7.1500,4.0109,14949500,0.0000
2013-11-29,7.2100,7.3400,7.2000,7.2900,4.0895,8600900,0.0000
2013-11-22,7.4000,7.4100,7.1100,7.2200,4.0502,28038700,0.0000
2013-11-15,7.3100,7.5800,7.1400,7.3900,4.1456,24282500,0.0000
2013-11-08,7.3900,7.4600,7.2800,7.3600,4.1287,17723900,0.0000
2013-11-01,7.7500,7.7500,7.3600,7.4300,4.1680,17454300,0.0000
2013-10-25,7.4800,7.7700,7.4450,7.7400,4.3419,16002200,0.0000
2013-10-18,7.2100,7.5099,7.1000,7.4800,4.1960,14982800,0.0000
2013-10-11,7.4700,7.5400,7.1350,7.2600,4.0726,20375200,0.2200
2013-10-04,7.4100,7.6200,7.3710,7.5100,4.0873,14380200,0.0000
2013-09-27,7.4400,7.5400,7.3500,7.4800,4.0710,15350400,0.0000
2013-09-20,7.4600,7.7400,7.4000,7.4400,4.0492,15718500,0.0000
2013-09-13,7.3400,7.4103,7.1900,7.3100,3.9784,14668000,0.0000
2013-09-06,7.2700,7.4000,7.0200,7.3000,3.9730,11288600,0.0000
2013-08-30,7.3900,7.4600,7.1700,7.2000,3.9186,14306200,0.0000
2013-08-23,7.2500,7.4300,6.9800,7.3800,4.0165,18292500,0.0000
2013-08-16,7.6400,7.6900,7.1500,7.2400,3.9403,14088300,0.0000
2013-08-09,7.9000,7.9200,7.5000,7.6600,4.1689,18823100,0.2800
2013-08-02,7.9000,8.1450,7.7500,7.9100,4.1524,22006800,0.0000
2013-07-26,8.0800,8.1300,7.7200,7.9100,4.1524,14638300,0.0000
2013-07-19,8.0200,8.1500,8.0000,8.0600,4.2311,12940000,0.0000
2013-07-12,8.1300,8.3300,7.8300,8.0500,4.2259,24146800,0.2200
2013-07-05,8.4800,8.6000,7.8700,8.1700,4.1720,13842300,0.0000
2013-06-28,8.1100,8.5500,7.9000,8.4500,4.3149,20227400,0.0000
2013-06-21,8.7600,8.8600,8.0400,8.2100,4.1924,18026400,0.0000
2013-06-14,8.8200,8.9000,8.3800,8.7100,4.4477,17670900,0.0000
2013-06-07,8.8000,8.9800,8.6800,8.8300,4.5090,18299800,0.0000
2013-05-31,9.0800,9.1800,8.3700,8.7800,4.4835,21860700,0.0000
2013-05-24,9.4200,9.4500,8.9100,9.0800,4.6367,15943800,0.0000
2013-05-17,9.1300,9.4400,9.0800,9.4400,4.8205,17607300,0.0000
2013-05-10,9.2400,9.4700,9.1400,9.1800,4.6877,13022700,0.0000
2013-05-03,9.1700,9.3800,9.1300,9.2400,4.7184,15937000,0.0000
2013-04-26,9.0000,9.2100,8.9300,9.1400,4.6673,9948200,0.0000
2013-04-19,9.1500,9.1500,8.8700,8.9800,4.5856,14714200,0.0000
2013-04-12,9.4200,9.5000,9.0601,9.1500,4.6724,17555200,0.2200
2013-04-05,9.3600,9.5500,9.1900,9.4100,4.6922,13861782,0.0000
2013-03-28,9.2000,9.3600,9.1000,9.3200,4.6473,14408500,0.0000
2013-03-22,9.1700,9.2400,9.0400,9.1600,4.5676,12314200,0.0000
2013-03-15,9.4100,9.5900,9.0500,9.1800,4.5775,27943200,1.0000
2013-03-08,8.9500,9.3850,8.8600,9.3400,4.1977,20680300,0.0000
2013-03-01,8.8700,8.9300,8.7345,8.8800,3.9909,14212200,0.0000
2013-02-22,8.9700,9.0500,8.7100,8.8300,3.9684,12285200,0.0000
2013-02-15,8.9500,9.0900,8.8900,8.9900,4.0404,22510400,0.0000
2013-02-08,9.1400,9.1900,8.9100,8.9500,4.0224,16649600,0.0000
2013-02-01,8.9800,9.2400,8.9050,9.0700,4.0763,14414600,0.0000
2013-01-25,8.9600,9.0399,8.8350,8.9400,4.0179,8473800,0.0000
2013-01-18,8.7100,8.9700,8.6500,8.9600,4.0269,16961600,0.0000
2013-01-11,8.5800,8.7300,8.5300,8.6700,3.8965,13155900,0.0000
2013-01-04,8.0400,8.5700,8.0100,8.5600,3.8471,17205900,0.0000
2012-12-28,8.3000,8.3300,8.0400,8.0700,3.6269,9603400,0.2000
2012-12-21,8.1300,8.3900,8.1000,8.3000,3.6411,13804100,0.0000
2012-12-14,8.3800,8.4500,8.0500,8.1200,3.5622,16676400,0.0000
2012-12-07,8.4000,8.4450,8.2800,8.3800,3.6762,13038200,0.0000
2012-11-30,8.2500,8.4100,8.1600,8.4100,3.6894,15574900,0.0000
2012-11-23,8.2000,8.2850,8.0400,8.2500,3.6192,10855100,0.0000
2012-11-16,7.9600,8.1700,7.5000,8.1500,3.5753,28578400,0.0000
2012-11-09,8.1100,8.3599,7.8100,7.9800,3.5007,24407700,0.0000
2012-11-02,8.1000,8.2500,8.0800,8.1700,3.5841,12145700,0.0000
2012-10-26,8.1500,8.2000,8.0200,8.0400,3.5271,12230800,0.0000
2012-10-19,8.1300,8.2700,7.8500,8.1600,3.5797,26755300,0.0000
2012-10-12,8.6500,8.6600,8.1000,8.1600,3.5797,22111200,0.2100
2012-10-05,8.5600,8.7700,8.5100,8.6400,3.6962,23038900,0.0000
2012-09-28,8.5700,8.6300,8.4100,8.5000,3.6363,18972800,0.0000
2012-09-21,8.3100,8.5900,8.1500,8.5900,3.6748,24990600,0.0000
2012-09-14,8.2800,8.4100,8.2400,8.3200,3.5593,16435900,0.0000
2012-09-07,8.2000,8.3110,8.1400,8.2800,3.5422,11868700,0.0000
2012-08-31,8.1500,8.2100,8.1200,8.1900,3.5037,10270700,0.5313
2012-08-24,8.1000,8.1600,8.0600,8.1400,3.2699,7690700,0.0000
2012-08-17,7.9400,8.1200,7.9200,8.1200,3.2619,10914800,0.0000
2012-08-10,7.9900,8.0200,7.6100,7.9400,3.1896,23668600,0.0000
2012-08-03,8.0200,8.1700,8.0000,8.1100,3.2579,12003000,0.0000
2012-07-27,7.8500,8.0600,7.8400,8.0200,3.2217,13811000,0.0000
2012-07-20,7.7500,7.9400,7.7500,7.8500,3.1534,14238000,0.0000
2012-07-13,8.1500,8.1700,7.7000,7.7900,3.1293,26362200,0.2300
2012-07-06,7.9400,8.1500,7.9000,8.1300,3.1726,12594200,0.0000
2012-06-29,7.7100,7.9300,7.6700,7.8900,3.0789,17742600,0.0000
2012-06-22,7.8200,7.8501,7.6400,7.6800,2.9970,54616800,0.0000
2012-06-15,7.7700,7.8300,7.6100,7.8200,3.0516,16326300,0.0000
2012-06-08,7.5900,7.8300,7.5600,7.7000,3.0048,16242000,0.0000
2012-06-01,7.7800,7.8200,7.5400,7.5800,2.9580,15451200,0.0000
2012-05-25,7.4000,7.7800,7.3600,7.7300,3.0165,16821000,0.0000
2012-05-18,7.5700,7.6500,7.3600,7.3600,2.8721,14337200,0.0000
2012-05-11,7.6300,7.7400,7.5000,7.6300,2.9775,18898600,0.0000
2012-05-04,7.4800,7.6200,7.3350,7.6100,2.9697,21429900,0.0000
2012-04-27,7.2600,7.4500,7.2300,7.4500,2.9072,9306600,0.0000
2012-04-20,7.2000,7.3750,7.1900,7.3100,2.8526,11769000,0.0000
2012-04-13,7.1300,7.2600,7.0100,7.1900,2.8058,13909600,0.0000
2012-04-05,7.2400,7.3800,7.1600,7.1700,2.7980,11756500,0.2400
2012-03-30,7.4600,7.6000,7.4500,7.4700,2.8227,19474900,0.0000
2012-03-23,7.3500,7.4500,7.3200,7.4400,2.8114,16589500,0.0000
2012-03-16,7.3300,7.4100,7.2700,7.3400,2.7736,17773000,0.0000
2012-03-09,7.3700,7.4400,7.2750,7.3000,2.7585,18027000,0.0000
2012-03-02,7.3900,7.5000,7.1800,7.3700,2.7850,29091200,0.0000
2012-02-24,7.4000,7.4500,7.3000,7.3500,2.7774,11171600,0.0000
2012-02-17,7.5400,7.5500,7.3700,7.4000,2.7963,21627900,0.0000
2012-02-10,7.4300,7.5700,7.4000,7.4600,2.8190,23495100,0.0000
2012-02-03,7.2500,7.4700,7.2100,7.4400,2.8114,19650200,0.0000
2012-01-27,6.9700,7.2750,6.9600,7.2700,2.7472,16225000,0.0000
2012-01-20,6.9600,6.9900,6.8900,6.9600,2.6300,13359000,0.0000
2012-01-13,6.8300,7.0000,6.7800,6.9200,2.6149,17992600,0.0000
2012-01-06,6.8400,6.8800,6.6500,6.7600,2.5544,13607400,0.0000
2011-12-30,7.2400,7.2600,6.7200,6.7200,2.5393,15051800,0.2700
2011-12-23,6.9800,7.2500,6.8600,7.1700,2.6049,19962000,0.0000
2011-12-16,6.7600,6.9800,6.7200,6.9800,2.5358,17276800,0.0000
2011-12-09,6.8700,6.9600,6.6800,6.8300,2.4814,14182100,0.0000
2011-12-02,6.5400,6.9250,6.4700,6.7900,2.4668,21503500,0.0000
2011-11-25,6.6000,6.6100,6.2400,6.4100,2.3288,9652798,0.0000
2011-11-18,6.7700,6.8200,6.5700,6.6500,2.4160,11080500,0.0000
2011-11-11,6.7600,6.9500,6.6000,6.8100,2.4741,16191000,0.0000
2011-11-04,6.9800,6.9800,6.5900,6.7400,2.4487,22747800,0.0000
2011-10-28,6.4700,7.0700,6.4300,6.9800,2.5358,42301400,0.0000
2011-10-21,6.5100,6.5900,6.4000,6.4500,2.3433,20132800,0.0000
2011-10-14,6.3300,6.6150,6.2800,6.5500,2.3796,23050500,0.0000
2011-10-07,7.0000,7.0900,6.2300,6.2700,2.2779,46207800,0.2500
2011-09-30,6.9600,7.1400,6.9000,7.0200,2.4554,21303600,0.0000
2011-09-23,7.2000,7.2900,6.7300,6.8200,2.3854,24591700,0.0000
2011-09-16,6.9500,7.2800,6.9100,7.2600,2.5393,21825600,0.0000
2011-09-09,6.9000,7.2400,6.9000,7.0000,2.4484,18742500,0.0000
2011-09-02,7.3300,7.6200,6.8500,7.0400,2.4624,40874700,0.0000
2011-08-26,7.5100,7.5500,7.0700,7.2300,2.5288,23887800,0.0000
2011-08-19,7.5600,7.7000,7.2300,7.3500,2.5708,24791800,0.0000
2011-08-12,6.9800,7.7500,6.7100,7.5300,2.6337,44208200,0.0000
2011-08-05,7.7700,7.8400,7.0600,7.2200,2.5253,34852600,0.0000
2011-07-29,7.7700,7.8200,7.0100,7.4900,2.6197,32910100,0.0000
2011-07-22,7.7800,7.9000,7.6800,7.8200,2.7352,21424900,0.0000
2011-07-15,8.3500,8.3500,7.7500,7.7900,2.7247,32827200,0.2500
2011-07-08,8.2100,8.3500,8.1300,8.3400,2.8269,19591300,0.0000
2011-07-01,8.0600,8.2000,8.0100,8.1800,2.7727,46497200,0.0000
2011-06-24,7.8400,8.0900,7.8300,8.0400,2.7252,21262800,0.0000
2011-06-17,7.7700,8.0000,7.7100,7.8300,2.6540,32055600,0.0000
2011-06-10,8.0600,8.1600,7.7600,7.7600,2.6303,29907600,0.0000
2011-06-03,8.2400,8.2600,8.0300,8.0500,2.7286,17522000,0.0000
2011-05-27,8.1200,8.2300,8.0400,8.1800,2.7727,11928900,0.0000
2011-05-20,8.1500,8.2300,8.0600,8.1400,2.7591,12885000,0.0000
2011-05-13,8.1400,8.2500,8.1000,8.1600,2.7659,18692800,0.0000
2011-05-06,8.0400,8.1500,7.9100,8.1400,2.7591,25283900,0.0000
2011-04-29,7.7500,8.0500,7.6900,7.9800,2.7049,23402300,0.0000
2011-04-21,7.7700,7.8300,7.7100,7.7400,2.6235,10549600,0.0000
2011-04-15,7.7500,7.8400,7.6200,7.7900,2.6405,20596200,0.0000
2011-04-08,8.2300,8.2400,7.6700,7.7300,2.6201,45085400,0.2350
2011-04-01,8.2500,8.2500,8.1300,8.2000,2.6985,33359800,0.0000
2011-03-25,8.1900,8.2599,8.0800,8.2200,2.7050,23916900,0.0000
2011-03-18,8.1000,8.2500,8.0500,8.1200,2.6721,26047000,0.0000
2011-03-11,8.5700,8.6211,8.1300,8.1500,2.6820,90966800,0.0000
2011-03-04,8.4900,8.6400,8.4200,8.5800,2.8235,11393600,0.0000
2011-02-25,8.3600,8.5000,8.2200,8.4500,2.7807,11690200,0.0000
2011-02-18,8.3700,8.4500,8.2000,8.3700,2.7544,15769800,0.0000
2011-02-11,8.2200,8.4000,8.2200,8.4000,2.7643,12488300,0.0000
2011-02-04,8.3100,8.3300,8.1500,8.2100,2.7018,22079100,0.0000
2011-01-28,8.0900,8.3300,8.0800,8.2500,2.7149,15028500,0.0000
2011-01-21,8.0500,8.1200,7.9375,8.0700,2.6557,13067200,0.0000
2011-01-14,7.9700,8.1000,7.9400,8.0500,2.6491,14109200,0.0000
2011-01-07,8.1900,8.1900,7.8800,7.9900,2.6294,20109300,0.0000
2010-12-31,8.2200,8.2900,8.0300,8.1600,2.6853,11881000,0.2350
2010-12-23,8.1500,8.2500,8.1000,8.1900,2.6193,10369300,0.0000
2010-12-17,8.2700,8.3900,8.1000,8.1700,2.6129,20301200,0.0000
2010-12-10,8.1600,8.3000,8.1300,8.2800,2.6481,16213900,0.0000
2010-12-03,8.1400,8.2600,8.1200,8.2000,2.6225,13780500,0.0000
2010-11-26,8.2100,8.2300,8.1300,8.1300,2.6001,8403000,0.0000
2010-11-19,8.1600,8.1900,8.0181,8.1600,2.6097,19200800,0.0000
2010-11-12,8.0800,8.1900,7.9300,8.1000,2.5905,18122700,0.0000
2010-11-05,7.9600,8.0800,7.8900,8.0800,2.5841,13702900,0.0000
2010-10-29,7.9200,7.9700,7.8400,7.9100,2.5297,18956800,0.0000
2010-10-22,7.6400,7.9900,7.5800,7.9100,2.5297,21076100,0.0000
2010-10-15,7.6800,7.7200,7.5800,7.6000,2.4306,12111100,0.0000
2010-10-08,7.7400,8.0000,7.5400,7.6500,2.4466,23580400,0.2250
2010-10-01,7.6300,7.7600,7.5400,7.7300,2.4011,13393000,0.0000
2010-09-24,7.6600,7.7000,7.4200,7.6300,2.3700,18945400,0.0000
2010-09-17,7.5500,7.6700,7.4900,7.6600,2.3793,12231600,0.0000
2010-09-10,7.5500,7.5900,7.4700,7.4900,2.3265,12380600,0.0000
2010-09-03,7.3900,7.5900,7.2725,7.5500,2.3452,18101300,0.0000
2010-08-27,7.2900,7.4000,7.1000,7.4000,2.2986,15824500,0.0000
2010-08-20,7.2500,7.4500,7.1700,7.2700,2.2582,16705800,0.0000
2010-08-13,7.3700,7.4100,7.1700,7.2600,2.2551,17151700,0.0000
2010-08-06,7.4100,7.4500,7.2200,7.3400,2.2799,26077700,0.0000
2010-07-30,7.6000,7.7100,7.2500,7.3400,2.2799,21526100,0.0000
2010-07-23,7.2600,7.5900,7.2100,7.5800,2.3545,24228300,0.0000
2010-07-16,7.2800,7.4400,7.1600,7.2300,2.2458,23543900,0.0000
2010-07-09,7.2300,7.5200,7.1600,7.3100,2.2706,22401000,0.1900
2010-07-02,7.7500,7.7500,7.0500,7.1600,2.1672,27225500,0.0000
2010-06-25,7.6500,7.7600,7.4200,7.7600,2.3488,23694900,0.0000
2010-06-18,7.5100,7.6500,7.4700,7.5800,2.2944,24856500,0.0000
2010-06-11,7.2400,7.5100,7.2000,7.5100,2.2732,32146300,0.0000
2010-06-04,7.2900,7.5000,7.2200,7.2300,2.1884,30116700,0.0000
2010-05-28,6.9900,7.3900,6.7900,7.3300,2.2187,39871700,0.0000
2010-05-21,7.0300,7.2000,6.8100,6.9900,2.1158,32183300,0.0000
2010-05-14,7.0500,7.2500,6.9500,7.0300,2.1279,27058600,0.0000
2010-05-07,7.1600,7.1925,6.1400,6.8400,2.0704,45526500,0.0000
2010-04-30,7.3700,7.3800,7.1000,7.1100,2.1521,26919300,0.0000
2010-04-23,7.1900,7.3700,7.1400,7.3500,2.2247,22000300,0.0000
2010-04-16,7.2700,7.3600,7.1600,7.2000,2.1793,17919200,0.0000
2010-04-09,7.4400,7.5000,7.1900,7.2400,2.1914,22560300,0.2400
2010-04-01,7.3200,7.4100,7.2400,7.4100,2.1707,15876000,0.0000
2010-03-26,7.3700,7.3800,7.2000,7.2800,2.1327,18983900,0.0000
2010-03-19,7.2200,7.3500,7.0900,7.3400,2.1502,19322000,0.0000
2010-03-12,7.2800,7.2800,7.0600,7.2000,2.1092,22264900,0.0000
2010-03-05,7.2800,7.3600,7.2000,7.3200,2.1444,13989300,0.0000
2010-02-26,6.9600,7.2700,6.9100,7.2400,2.1209,19298500,0.0000
2010-02-19,7.0800,7.1500,6.9600,6.9900,2.0477,19180600,0.0000
2010-02-12,7.3800,7.4400,6.9700,7.0500,2.0653,28459000,0.0000
2010-02-05,7.3800,7.4500,7.2500,7.4000,2.1678,17112900,0.0000
2010-01-29,7.3100,7.4400,7.1500,7.3600,2.1561,18521700,0.0000
2010-01-22,7.2300,7.3700,7.1600,7.2700,2.1297,17207700,0.0000
2010-01-15,7.4000,7.4800,7.1900,7.2000,2.1092,17728600,0.0000
2010-01-08,7.4200,7.5200,7.3500,7.4300,2.1766,26028800,0.0000
2009-12-31,7.6700,7.6900,7.3100,7.3500,2.1532,12840000,0.2700
2009-12-24,7.5000,7.6500,7.4000,7.6400,2.1591,10801700,0.0000
2009-12-18,7.6800,7.8000,7.4500,7.4500,2.1054,16213300,0.0000
2009-12-11,7.4600,7.6400,7.3600,7.6400,2.1591,14734400,0.0000
2009-12-04,7.3500,7.6400,7.2800,7.4600,2.1083,21118700,0.0000
2009-11-27,7.6200,7.6900,7.3100,7.3200,2.0687,8761900,0.0000
2009-11-20,7.3700,7.6100,7.3500,7.5600,2.1365,20944800,0.0000
2009-11-13,7.2400,7.6400,7.1700,7.3400,2.0743,21466000,0.0000
2009-11-06,7.4400,7.5400,7.1200,7.1500,2.0206,30806400,0.0000
2009-10-30,7.7000,7.7300,7.1800,7.4200,2.0970,26669400,0.0000
2009-10-23,7.4100,7.7100,7.4100,7.6900,2.1733,21854900,0.0000
2009-10-16,7.8000,7.8100,7.4500,7.4500,2.1054,29782400,0.0000
2009-10-09,7.9500,8.1100,7.6600,7.7600,2.1930,26665800,0.2500
2009-10-02,8.0500,8.1900,7.6700,7.9000,2.1625,27258100,0.0000
2009-09-25,8.0800,8.3900,7.7700,7.9900,2.1871,28684400,0.0000
2009-09-18,7.8100,8.2300,7.7300,8.0900,2.2145,26805000,0.0000
2009-09-11,7.6800,7.8700,7.5900,7.8200,2.1406,16366300,0.0000
2009-09-04,7.8900,7.9400,7.5900,7.6500,2.0941,36562100,0.0000
2009-08-28,7.7800,7.9500,7.6900,7.9100,2.1652,20634600,0.0000
2009-08-21,7.5100,7.8100,7.3600,7.7400,2.1187,20088100,0.0000
2009-08-14,7.6650,7.7700,7.3900,7.5600,2.0694,24221900,0.0000
2009-08-07,7.5000,7.8300,7.4600,7.6900,2.1050,34489800,0.0000
2009-07-31,7.3000,7.6600,7.0800,7.4000,2.0256,65255800,0.0000
2009-07-24,6.9700,7.1600,6.8950,7.1000,1.9435,18016100,0.0000
2009-07-17,6.6700,6.9800,6.6200,6.9300,1.8970,15862500,0.0000
2009-07-10,6.8700,7.0600,6.5600,6.6200,1.8121,20452700,0.2500
2009-07-02,6.8100,7.1300,6.7100,6.8800,1.8145,15240500,0.0000
2009-06-26,6.6700,6.8000,6.4350,6.7800,1.7882,18251800,0.0000
2009-06-19,6.5100,6.7200,6.3500,6.6900,1.7644,13253500,0.0000
2009-06-12,6.5600,6.6700,6.2100,6.5500,1.7275,18280900,0.0000
2009-06-05,6.3200,6.9100,6.2300,6.6400,1.7512,25587000,0.0000
2009-05-29,6.2200,6.5000,6.1400,6.2600,1.6510,25299600,0.0000
2009-05-22,6.2900,6.6400,6.2200,6.2600,1.6510,19825800,0.0000
2009-05-15,6.3400,6.5400,6.1500,6.2400,1.6457,24031300,0.0000
2009-05-08,5.9300,6.5500,5.8800,6.5000,1.7143,33865000,0.0000
2009-05-01,5.6100,6.1500,5.4500,5.8700,1.5482,24223100,0.0000
2009-04-24,5.8400,5.9300,5.4200,5.7200,1.5086,34141600,0.0000
2009-04-17,6.0200,6.0800,5.4800,5.8600,1.5455,32395200,0.0000
2009-04-09,6.2000,6.2000,5.6700,6.0800,1.6036,24733300,0.2200
2009-04-03,5.7500,6.1500,5.5800,6.1500,1.5625,34976200,0.0000
2009-03-27,5.6000,5.8700,5.3600,5.7100,1.4507,31867600,0.0000
2009-03-20,5.8900,6.0500,5.3700,5.3900,1.3694,27101200,0.0000
2009-03-13,5.2600,5.9200,5.1600,5.8300,1.4812,23170400,0.0000
2009-03-06,5.6200,5.7200,5.0300,5.3200,1.3517,28762700,0.0000
2009-02-27,5.7600,5.9600,5.4600,5.7400,1.4584,24220100,0.0000
2009-02-20,5.7300,5.9800,5.4500,5.6900,1.4457,25231900,0.0000
2009-02-13,5.9500,6.0200,5.5100,5.6600,1.4380,20328700,0.0000
2009-02-06,5.6600,6.0100,5.4600,5.9900,1.5219,17306000,0.0000
2009-01-30,5.6900,6.2000,5.5700,5.7300,1.4558,22020600,0.0000
2009-01-23,6.2300,6.2300,5.6100,5.8100,1.4762,24409700,0.0000
2009-01-16,5.9000,6.3600,5.6000,6.3100,1.6032,23462300,0.0000
2009-01-09,5.6100,6.1000,5.6100,5.8300,1.4812,18799200,0.0000
2009-01-02,5.7000,5.9700,5.1900,5.6000,1.4228,13869400,0.2100
2008-12-26,5.6600,5.9000,5.4400,5.7500,1.4052,13066300,0.0000
2008-12-19,5.6000,6.3600,5.4300,5.5500,1.3564,28680100,0.0000
2008-12-12,6.2600,6.2700,5.0000,5.6500,1.3808,11310000,0.0000
2008-12-05,6.0600,6.2000,5.1100,6.1800,1.5103,11964300,0.0000
2008-11-28,5.1300,6.1900,4.6100,6.1900,1.5128,14475200,0.0000
2008-11-21,4.9600,5.3700,4.2500,4.9100,1.1999,9973200,0.0000
2008-11-14,5.6400,5.7300,4.7000,4.9400,1.2073,6508500,0.0000
2008-11-07,5.7700,5.8300,5.2500,5.5400,1.3539,10398900,0.0000
2008-10-31,4.8000,5.5400,4.4100,5.5000,1.3441,8265400,0.0000
2008-10-24,5.4100,5.7500,4.6200,4.7600,1.1633,8904200,0.0000
2008-10-17,5.7500,5.8800,4.7500,5.3400,1.3050,11926100,0.0000
2008-10-10,5.4200,5.7100,3.9800,5.2900,1.2928,11050200,0.2200
2008-10-03,5.9200,6.5000,5.3300,5.4300,1.2657,8141400,0.0000
2008-09-26,6.5900,6.7500,6.0300,6.0800,1.4172,10095000,0.0000
2008-09-19,6.3700,7.4700,5.7100,6.7100,1.5641,24751900,0.0000
2008-09-12,7.4200,7.7000,6.4200,6.7400,1.5710,35860300,0.0000
2008-09-05,6.9400,6.9400,6.4500,6.7400,1.5710,6592400,0.0000
2008-08-29,6.1300,6.8900,5.9100,6.8000,1.5850,13261400,0.0000
2008-08-22,6.1300,6.2500,5.9100,6.1700,1.4382,9634400,0.0000
2008-08-15,6.3000,6.5900,6.0300,6.1500,1.4335,9463200,0.0000
2008-08-08,6.4800,6.5400,6.0500,6.3200,1.4731,6048400,0.0000
2008-08-01,6.7500,6.8000,6.2200,6.4800,1.5104,10086200,0.0000
2008-07-25,6.5000,6.9400,6.3000,6.7700,1.5780,6664000,0.0000
2008-07-18,6.4500,6.7700,6.0000,6.4300,1.4988,21233200,0.0000
2008-07-11,6.5600,6.6299,5.2400,6.3300,1.4755,29602100,0.2000
2008-07-03,6.5000,6.7000,6.4000,6.5600,1.4782,6881100,0.0000
2008-06-27,6.9500,7.1100,6.3400,6.5800,1.4827,9862400,0.0000
2008-06-20,6.6600,7.0700,6.5000,7.0000,1.5774,11109700,0.0000
2008-06-13,7.1000,7.1000,6.1000,6.7000,1.5098,24825200,0.0000
2008-06-06,7.3000,7.4700,7.0400,7.1200,1.6044,13154500,0.0000
2008-05-30,7.1000,7.3500,6.8000,7.2700,1.6382,21811000,0.0000
2008-05-23,7.1100,7.2700,6.9500,7.0800,1.5954,11181800,0.0000
2008-05-16,6.9200,7.1700,6.5800,7.1300,1.6066,7535300,0.0000
2008-05-09,7.0800,7.1000,6.7900,6.8600,1.5458,6711900,0.0000
2008-05-02,6.7000,7.4100,6.5700,7.0800,1.5954,9838300,0.0000
2008-04-25,6.8600,7.0500,6.6400,6.7700,1.5255,6743200,0.0000
2008-04-18,6.4300,7.0500,6.1100,6.9000,1.5548,12766300,0.0000
2008-04-11,6.7500,6.8200,6.4200,6.4300,1.4489,12372100,0.1800
2008-04-04,6.1900,7.0700,6.1900,6.7200,1.4746,15010700,0.0000
2008-03-28,7.0500,7.3300,6.0600,6.2500,1.3714,14629300,0.0000
2008-03-20,5.4200,7.3200,5.0000,7.0500,1.5470,34468000,0.0000
2008-03-14,7.5400,7.7700,5.2900,5.8600,1.2859,51776000,0.0000
2008-03-07,9.1700,9.5600,5.8400,7.5300,1.6523,63699900,0.0000
2008-02-29,10.2200,10.4200,9.4500,9.5600,2.0978,16180900,0.0000
2008-02-22,10.5600,10.6600,9.9500,10.2400,2.2470,10664700,0.0000
2008-02-15,10.9900,11.0000,9.7000,10.3400,2.2689,18754400,0.0000
2008-02-08,10.4800,11.0700,10.1400,10.8500,2.3808,20788900,0.0000
2008-02-01,9.6900,10.7900,9.4500,10.3000,2.2601,23670100,0.0000
2008-01-25,9.3600,10.1400,8.9600,9.6200,2.1109,16709800,0.0000
2008-01-18,9.1300,9.6600,8.8400,9.4900,2.0824,20070900,0.0000
2008-01-11,9.0900,9.4500,8.6000,9.0300,1.9815,9617200,0.0000
2008-01-04,9.1300,9.3000,8.9600,9.0300,1.9815,4644600,0.0000
2007-12-28,9.2000,9.3000,9.0300,9.1600,2.0100,3292400,0.1450
2007-12-21,8.9600,9.3000,8.7800,9.1700,1.9804,6576400,0.0000
2007-12-14,8.6200,9.1000,8.0200,8.7700,1.8940,8674500,0.0000
2007-12-07,8.7100,8.7400,8.2500,8.6200,1.8616,5083100,0.0000
2007-11-30,7.9900,8.8500,7.8300,8.7800,1.8962,9487700,0.0000
2007-11-23,8.0200,8.1500,7.6100,7.9900,1.7256,6320600,0.0000
2007-11-16,8.0300,8.7060,7.8700,8.0900,1.7471,6331800,0.0000
2007-11-09,7.9700,8.6100,7.9100,8.0500,1.7385,11073700,0.0000
2007-11-02,8.7400,8.8100,7.9000,8.1700,1.7644,12488400,0.0000
2007-10-26,8.4900,8.8600,8.4600,8.6800,1.8746,4764500,0.0000
2007-10-19,8.1300,8.6600,7.9900,8.5600,1.8487,6135800,0.0000
2007-10-12,8.2000,8.2300,7.9200,8.1300,1.7558,5566500,0.1000
2007-10-05,8.0300,8.4400,7.9100,8.2700,1.7643,11660000,0.0000
2007-09-28,8.2500,8.2500,7.8100,8.0500,1.7174,3766000,0.0000
2007-09-21,7.8400,8.6499,7.6400,8.2600,1.7622,9361700,0.0000
2007-09-14,7.8600,8.1300,7.6500,7.7900,1.6619,7291600,0.0000
2007-09-07,7.9600,7.9600,7.3600,7.7100,1.6449,8561800,0.0000
2007-08-31,7.8000,7.8000,7.4400,7.7500,1.6534,4221600,0.0000
2007-08-24,7.8000,8.0400,7.3700,7.5000,1.6001,11510600,0.0000
2007-08-17,7.1500,7.2100,5.5500,6.9800,1.4891,14400500,0.0000
2007-08-10,6.9500,7.2100,6.7200,7.0000,1.4934,8557100,0.0000
2007-08-03,7.2000,7.2900,6.7800,6.9700,1.4870,7584900,0.0000
2007-07-27,7.1300,7.5000,6.9000,7.2000,1.5361,6138300,0.0000
2007-07-20,7.0600,7.2800,7.0400,7.1200,1.5190,2347400,0.0000
2007-07-13,7.2700,7.4000,7.0600,7.1000,1.5147,1591100,0.0900
2007-07-06,7.3000,7.4200,7.2200,7.2800,1.5336,1046000,0.0000
2007-06-29,7.2300,7.3400,6.9700,7.2800,1.5336,3280300,0.0000
2007-06-22,7.3100,7.4000,7.0900,7.2500,1.5273,1676500,0.0000
2007-06-15,7.1700,7.5000,6.9000,7.3000,1.5378,2788200,0.0000
2007-06-08,7.3500,7.4200,7.0100,7.2100,1.5189,3077000,0.0000
2007-06-01,7.4200,7.5400,7.3500,7.4100,1.5610,3447600,0.0000
2007-05-25,7.4000,7.7000,7.2000,7.4100,1.5610,3911100,0.0000
2007-05-18,7.6000,7.7400,7.3600,7.4200,1.5631,2718700,0.0000
2007-05-11,7.6800,7.7800,7.5500,7.6400,1.6095,1982900,0.0000
2007-05-04,7.3700,8.0600,7.2200,7.6900,1.6200,4332100,0.0000
2007-04-27,7.4600,7.5800,7.3100,7.3900,1.5568,1635300,0.0000
2007-04-20,7.7800,7.8500,7.3900,7.4800,1.5757,2266800,0.0000
2007-04-13,7.9000,7.9100,7.4600,7.7300,1.6284,4306700,0.0800
2007-04-05,7.7600,7.9600,7.6300,7.9100,1.6490,2069700,0.0000
2007-03-30,7.3300,7.8700,7.3000,7.7000,1.6052,1959800,0.0000
2007-03-23,7.0500,7.7200,6.9700,7.3500,1.5322,1897500,0.0000
2007-03-16,7.1300,7.1700,6.7500,7.0300,1.4655,3150500,0.0000
2007-03-09,7.0976,7.3200,6.9300,7.1200,1.4843,3314800,0.0000
2007-03-02,7.2500,7.5400,7.1400,7.1900,1.4989,2748400,0.0000
2007-02-23,7.3800,7.4200,7.1100,7.2400,1.5093,2434600,0.0000
2007-02-16,7.1600,7.3000,7.0800,7.2400,1.5093,1608000,0.0000
2007-02-09,7.4700,7.4700,7.0400,7.1300,1.4864,1624500,0.0000
2007-02-02,7.3600,7.5800,7.2600,7.4500,1.5531,1814000,0.0000
2007-01-26,7.3800,7.4900,7.2500,7.3800,1.5385,1835800,0.0000
2007-01-19,7.4700,7.4800,7.1400,7.4000,1.5427,2679900,0.0000
2007-01-12,7.3900,7.5600,7.2900,7.4500,1.5531,2325300,0.0000
2007-01-05,7.6900,7.7400,7.3600,7.4000,1.5427,1298000,0.0000
2006-12-29,7.6000,7.7400,7.5800,7.6900,1.6031,1256400,0.0600
2006-12-22,7.7600,7.8000,7.5200,7.6100,1.5742,2706400,0.0000
2006-12-15,7.7500,7.8900,7.7400,7.7900,1.6115,2171300,0.0000
2006-12-08,7.8100,7.8800,7.7400,7.7800,1.6094,1791900,0.0000
2006-12-01,7.7400,7.8600,7.6500,7.8000,1.6135,2714400,0.0000
2006-11-24,7.9400,8.0300,7.7000,7.7900,1.6115,1001200,0.0000
2006-11-17,7.9100,8.1200,7.8800,7.9600,1.6466,2601700,0.0000
2006-11-10,7.7500,8.0700,7.7500,7.9500,1.6446,2165900,0.0000
2006-11-03,7.6200,7.9700,7.5500,7.7600,1.6053,1961300,0.0000
2006-10-27,7.4000,7.8500,7.3400,7.6700,1.5866,2088000,0.0000
2006-10-20,7.3500,7.4800,7.2200,7.4200,1.5349,1797600,0.0000
2006-10-13,7.5500,7.5500,7.2000,7.3700,1.5246,1520600,0.0500
2006-10-06,7.4000,7.6000,7.3100,7.5400,1.5491,1587100,0.0000
2006-09-29,7.3500,7.4900,7.2300,7.4500,1.5306,5097900,0.0000
2006-09-22,7.0100,7.4200,6.9600,7.3500,1.5100,3592700,0.0000
2006-09-15,6.9500,7.0700,6.9100,7.0100,1.4402,2367400,0.0000
2006-09-08,6.9500,7.0300,6.9000,6.9500,1.4279,2218800,0.0000
2006-09-01,6.9000,7.0800,6.8800,6.9700,1.4320,4497600,0.0000
2006-08-25,6.9500,7.0000,6.7900,6.9500,1.4279,1510900,0.0000
2006-08-18,6.8300,7.0500,6.8200,7.0000,1.4381,2598000,0.0000
2006-08-11,6.9800,7.0400,6.7900,6.8300,1.4032,1440400,0.0000
2006-08-04,6.8300,7.0400,6.6800,7.0300,1.4443,2719600,0.0000
2006-07-28,6.6500,6.9800,6.6500,6.8700,1.4114,1199200,0.0000
2006-07-21,6.6200,7.0000,6.5300,6.6400,1.3642,2365000,0.0000
2006-07-14,6.9000,7.0000,6.5300,6.6800,1.3724,1727300,0.0500
2006-07-07,6.8500,7.0000,6.6400,6.9400,1.4151,2008000,0.0000
2006-06-30,6.5200,6.8800,6.4000,6.8800,1.4029,1802600,0.0000
2006-06-23,6.4700,6.5900,6.3000,6.4700,1.3193,1465000,0.0000
2006-06-16,6.6900,6.8600,6.4900,6.5100,1.3274,2498100,0.0000
2006-06-09,6.9200,6.9800,6.6100,6.7900,1.3845,2140000,0.0000
2006-06-02,6.7300,7.0000,6.5700,7.0000,1.4273,1483200,0.0000
2006-05-26,6.6500,6.9200,6.5000,6.7700,1.3804,1650800,0.0000
2006-05-19,6.8000,7.0000,6.6000,6.8500,1.3967,2531200,0.0000
2006-05-12,6.8100,7.0800,6.6000,6.9300,1.4131,3315800,0.0000
2006-05-05,6.9000,6.9400,6.3200,6.8800,1.4029,2967400,0.0000
2006-04-28,6.4300,6.9300,6.1500,6.8600,1.3988,2843700,0.0000
2006-04-21,6.0400,6.7400,5.9500,6.5300,1.3315,3932200,0.0000
2006-04-13,6.2000,6.2300,6.0000,6.0600,1.2357,1758500,0.0500
2006-04-07,6.3000,6.3400,6.0500,6.2200,1.2579,1373200,0.0000
2006-03-31,6.3100,6.3900,6.1200,6.3500,1.2842,1487800,0.0000
2006-03-24,6.1800,6.4100,6.0000,6.3700,1.2883,2268800,0.0000
2006-03-17,6.1100,6.4500,6.0000,6.2200,1.2579,2695500,0.0000
2006-03-10,5.9000,6.1200,5.6500,6.1200,1.2377,2152200,0.0000
2006-03-03,6.0400,6.1500,5.8400,5.9400,1.2013,1421800,0.0000
2006-02-24,6.1700,6.2200,6.0100,6.0900,1.2316,972500,0.0000
2006-02-17,6.0300,6.2300,5.9900,6.1900,1.2519,1628900,0.0000
2006-02-10,6.1200,6.3200,6.0000,6.1000,1.2337,1980000,0.0000
2006-02-03,6.6900,6.7400,6.0500,6.1600,1.2458,3036400,0.0000
2006-01-27,6.6700,6.8000,6.5500,6.7200,1.3591,2670500,0.0000
2006-01-20,6.6000,6.8300,6.5000,6.6100,1.3368,2990100,0.0000
2006-01-13,6.5000,6.9000,6.4500,6.6600,1.3469,3918500,0.0000
2006-01-06,5.7200,6.6500,5.7100,6.4400,1.3024,2820600,0.0000
2005-12-30,5.5400,5.8000,5.5400,5.7000,1.1528,2519800,0.0000
2005-12-23,5.9000,5.9400,5.5600,5.6000,1.1325,2192700,0.0500
2005-12-16,5.7600,6.0200,5.7000,5.9500,1.1929,3193700,0.0000
2005-12-09,5.9200,5.9600,5.7000,5.7500,1.1528,2395600,0.0000
2005-12-02,6.3000,6.4000,5.9000,5.9700,1.1969,2085200,0.0000
2005-11-25,5.6800,6.3600,5.6200,6.3100,1.2650,2143000,0.0000
2005-11-18,5.7700,5.7800,5.5800,5.7100,1.1447,2456900,0.0000
2005-11-11,5.3300,5.7800,5.3300,5.7700,1.1568,2729000,0.0000
2005-11-04,5.7500,5.7800,5.4000,5.4800,1.0986,2684800,0.0000
2005-10-28,5.8900,6.0000,5.7000,5.7600,1.1548,1893600,0.0000
2005-10-21,5.7500,6.0500,5.7100,5.9000,1.1828,2222800,0.0000
2005-10-14,5.5800,6.0000,5.3500,5.8800,1.1788,4305800,0.0500
2005-10-07,6.0100,6.0700,5.5000,5.6800,1.1286,5345000,0.0000
2005-09-30,6.1000,6.3200,5.7700,6.1300,1.2180,5174400,0.0000
2005-09-23,6.3700,6.5000,6.0560,6.1200,1.2160,2877000,0.0000
2005-09-16,6.8900,6.9800,6.4000,6.4200,1.2756,3459000,0.0000
2005-09-09,6.9200,7.0600,6.8600,6.9100,1.3729,1222500,0.0000
2005-09-02,6.6500,6.9900,6.3416,6.9300,1.3769,4089100,0.0000
2005-08-26,6.8300,6.9000,6.7000,6.7100,1.3332,1274600,0.0000
2005-08-19,6.7200,6.9200,6.7100,6.8200,1.3551,1693000,0.0000
2005-08-12,6.8200,6.9400,6.6500,6.8400,1.3590,2319900,0.0000
2005-08-05,6.9800,7.1100,6.8100,6.8200,1.3551,2570900,0.0000
2005-07-29,7.0000,7.1700,6.9000,6.9600,1.3829,2793600,0.0000
2005-07-22,7.0000,7.0900,6.9700,7.0500,1.4008,1924000,0.0000
2005-07-15,7.0500,7.2000,6.9800,7.0000,1.3908,2447500,0.0000
2005-07-08,7.1000,7.1900,6.9500,7.0900,1.4087,2108900,0.1250
2005-07-01,7.6400,7.7600,6.8900,7.2000,1.4058,2763400,0.0000
2005-06-24,7.7000,7.7000,7.5000,7.6300,1.4897,1464300,0.0000
2005-06-17,7.5700,7.8200,7.4800,7.6800,1.4995,1857400,0.0000
2005-06-10,7.0500,7.6200,7.0500,7.4700,1.4585,2511700,0.0000
2005-06-03,7.1400,7.2000,7.0100,7.0100,1.3687,1383600,0.0000
2005-05-27,7.1700,7.2200,7.0500,7.1100,1.3882,1494900,0.0000
2005-05-20,7.0100,7.2400,7.0100,7.1700,1.3999,1372500,0.0000
2005-05-13,7.0500,7.2500,7.0000,7.0200,1.3706,1351600,0.0000
2005-05-06,7.1800,7.2500,7.0000,7.0500,1.3765,1311700,0.0000
2005-04-29,7.1500,7.2900,7.0000,7.1800,1.4019,1435400,0.0000
2005-04-22,6.9600,7.1200,6.9100,7.1200,1.3902,1502200,0.0000
2005-04-15,7.0600,7.2800,6.8500,7.0300,1.3726,2501800,0.0000
2005-04-08,7.4100,7.5000,7.0400,7.0800,1.3823,2525200,0.1800
2005-04-01,7.7200,7.8900,7.3300,7.5100,1.4300,2482500,0.0000
2005-03-24,8.0500,8.1200,7.3500,7.6000,1.4471,1980100,0.0000
2005-03-18,8.0500,8.2100,7.8000,8.0900,1.5404,2512900,0.0000
2005-03-11,8.5500,8.6500,8.0800,8.2400,1.5689,2093200,0.0000
2005-03-04,8.4100,8.6400,8.3600,8.6000,1.6375,1619400,0.0000
2005-02-25,8.3600,8.5000,8.3000,8.4100,1.6013,1603500,0.0000
2005-02-18,8.4100,8.5500,8.3200,8.3600,1.5918,2428700,0.0000
2005-02-11,8.4700,8.4700,8.3000,8.4200,1.6032,2980200,0.0000
2005-02-04,8.4300,8.5500,8.3100,8.4500,1.6089,2378200,0.0000
2005-01-28,8.7000,8.7100,8.4000,8.4400,1.6070,1497000,0.0000
2005-01-21,8.5000,8.7900,8.4800,8.6000,1.6375,1347700,0.0000
2005-01-14,8.4600,8.6700,8.4000,8.4700,1.6127,1918700,0.0000
2005-01-07,8.7800,8.8800,8.4500,8.4600,1.6108,2059200,0.0000
2004-12-31,8.8600,8.9500,8.7600,8.8200,1.6794,1907900,0.0000
2004-12-23,9.0500,9.0500,8.7900,8.8600,1.6870,2064400,0.2200
2004-12-17,9.1400,9.2000,8.9900,9.0200,1.6760,2115700,0.0000
2004-12-10,9.1500,9.2800,8.9000,9.1000,1.6909,2615400,0.0000
2004-12-03,9.1500,9.2600,9.0800,9.1500,1.7002,2066000,0.0000
2004-11-26,9.0000,9.2000,8.9300,9.1500,1.7002,1326100,0.0000
2004-11-19,9.2600,9.2900,8.9400,9.0100,1.6742,1461600,0.0000
2004-11-12,8.9800,9.2700,8.8200,9.2700,1.7225,1995700,0.0000
2004-11-05,8.4800,9.1100,8.4500,9.0000,1.6723,2231600,0.0000
2004-10-29,8.5600,8.8800,8.4300,8.4400,1.5683,1763700,0.0000
2004-10-22,8.4600,8.8400,8.4200,8.5800,1.5943,1842800,0.0000
2004-10-15,9.0800,9.0800,8.4800,8.5000,1.5794,2343800,0.0000
2004-10-08,9.2800,9.2800,8.9500,8.9800,1.6686,2119300,0.2300
2004-10-01,9.3300,9.3500,9.1000,9.2900,1.6836,1940100,0.0000
2004-09-24,9.4100,9.4400,9.3100,9.3300,1.6908,1622600,0.0000
2004-09-17,9.1100,9.4300,9.1000,9.4100,1.7053,2325900,0.0000
2004-09-10,9.3500,9.4000,9.1000,9.1000,1.6491,1865500,0.0000
2004-09-03,9.2900,9.5500,9.1500,9.2800,1.6817,1961200,0.0000
2004-08-27,8.9600,9.3600,8.7000,9.2700,1.6799,1832200,0.0000
2004-08-20,8.5000,8.9600,8.4500,8.9300,1.6183,1428500,0.0000
2004-08-13,8.3600,8.4600,8.2100,8.3700,1.5168,1498000,0.0000
2004-08-06,8.2000,8.5900,8.0500,8.2600,1.4969,2262900,0.0000
2004-07-30,8.6900,8.6900,7.6600,8.1100,1.4697,3492000,0.0000
2004-07-23,8.8300,8.8700,8.5500,8.6500,1.5676,1582900,0.0000
2004-07-16,8.9300,8.9700,8.7300,8.8000,1.5948,1684800,0.0000
2004-07-09,9.2100,9.3100,8.8300,8.9500,1.6219,1760100,0.2500
2004-07-02,8.9800,9.2400,8.8200,9.1900,1.6198,2624800,0.0000
2004-06-25,8.9200,9.0000,8.8800,8.9800,1.5828,1972800,0.0000
2004-06-18,9.2500,9.2500,8.8700,8.9200,1.5722,3407500,0.0000
2004-06-10,9.4000,9.4800,9.2000,9.2500,1.6304,1300900,0.0000
2004-06-04,9.0800,9.4900,9.0500,9.3000,1.6392,1602600,0.0000
2004-05-28,8.7100,9.3500,8.6800,9.0700,1.5987,1863800,0.0000
2004-05-21,8.5000,8.8200,8.3600,8.7100,1.5352,1604200,0.0000
2004-05-14,8.5800,8.6400,7.9000,8.5000,1.4982,3904300,0.0000
2004-05-07,8.9500,9.0900,8.6100,8.6800,1.5299,2829000,0.0000
2004-04-30,8.9700,9.1500,8.7500,8.9100,1.5705,3847900,0.0000
2004-04-23,9.1000,9.2400,8.8000,9.0400,1.5934,2711700,0.0000
2004-04-16,9.5000,9.5300,8.5000,9.2900,1.6375,5432900,0.0000
2004-04-08,10.1200,10.1500,9.3000,9.5200,1.6780,4141600,0.2600
2004-04-02,10.3000,10.4900,9.7500,10.0500,1.7247,3748900,0.0000
2004-03-26,10.5000,10.5500,10.2500,10.2900,1.7659,1947600,0.0000
2004-03-19,10.7400,10.7400,10.4600,10.5700,1.8139,1772200,0.0000
2004-03-12,10.6100,10.8000,10.5000,10.7300,1.8414,2043500,0.0000
2004-03-05,10.4000,10.6300,10.3600,10.6100,1.8208,1951100,0.0000
2004-02-27,10.5000,10.5600,10.2600,10.4000,1.7848,1963400,0.0000
2004-02-20,10.4000,10.5500,10.3500,10.4500,1.7934,1688500,0.0000
2004-02-13,10.2500,10.4800,10.0600,10.3800,1.7813,3714000,0.0000
2004-02-06,10.1000,10.3200,10.0100,10.2600,1.7607,1597900,0.0000
2004-01-30,9.8000,10.2900,9.8000,9.9800,1.7127,2871700,0.0000
2004-01-23,9.7400,9.9300,9.7400,9.8700,1.6938,1219900,0.0000
2004-01-16,9.8000,9.8700,9.7000,9.7400,1.6715,965600,0.0000
2004-01-09,9.6600,9.8100,9.6600,9.7600,1.6749,1919300,0.0000
2004-01-02,9.6900,9.8000,9.6800,9.7400,1.6715,1629800,0.0000
2003-12-26,9.7400,9.8500,9.5000,9.7400,1.6715,1999800,0.2500
2003-12-19,9.9000,9.9500,9.7000,9.7900,1.6380,1898300,0.0000
2003-12-12,9.8000,9.9000,9.6500,9.8900,1.6548,1418400,0.0000
2003-12-05,9.7300,9.9500,9.7000,9.7800,1.6364,1620700,0.0000
2003-11-28,9.4500,9.8500,9.4500,9.7000,1.6230,1307400,0.0000
2003-11-21,9.5500,9.6000,9.4000,9.4500,1.5812,1427300,0.0000
2003-11-14,9.7500,9.7500,9.4500,9.6100,1.6079,1169900,0.0000
2003-11-07,9.5900,9.8000,9.5000,9.7500,1.6313,1267600,0.0000
2003-10-31,9.5700,9.7000,9.4800,9.5700,1.6012,1626900,0.0000
2003-10-24,9.5200,9.7100,9.2800,9.5500,1.5979,2400500,0.0000
2003-10-17,9.5000,9.8800,9.5000,9.6000,1.6063,1387700,0.0000
2003-10-10,9.6500,9.7000,9.4900,9.5400,1.5962,1265900,0.0000
2003-10-03,9.3800,9.7300,9.2500,9.6300,1.6113,1719900,0.0000
2003-09-26,9.8700,9.9900,9.2000,9.2700,1.5510,2477400,0.2800
2003-09-19,9.9500,10.0000,9.7300,9.9500,1.6160,2153700,0.0000
2003-09-12,10.8000,10.8300,9.3000,9.9500,1.6160,4250300,0.0000
2003-09-05,10.5000,11.0000,10.4000,10.8500,1.7622,1669200,0.0000
2003-08-29,10.1100,10.6900,10.1000,10.4900,1.7037,1823000,0.0000
2003-08-22,10.1200,10.3400,10.1000,10.1200,1.6436,831700,0.0000
2003-08-15,10.2000,10.4300,10.0900,10.1500,1.6485,1033900,0.0000
2003-08-08,10.2000,10.3400,9.2500,10.2300,1.6615,3921300,0.0000
2003-08-01,10.2900,10.6000,10.0000,10.2000,1.6566,2950100,0.0000
2003-07-25,10.1500,10.3300,10.0100,10.1800,1.6534,1461800,0.0000
2003-07-18,10.4400,10.5300,9.7200,10.2000,1.6566,1724300,0.0000
2003-07-11,10.2800,10.4200,10.2000,10.4100,1.6907,1249000,0.0000
2003-07-03,10.1200,10.2900,9.9400,10.2300,1.6615,1636100,0.0000
2003-06-27,10.4800,10.5400,10.0000,10.1400,1.6469,2269400,0.2800
2003-06-20,10.3000,10.6000,10.2000,10.3800,1.6408,2649300,0.0000
2003-06-13,10.4000,10.4000,10.0300,10.2700,1.6234,2672200,0.0000
2003-06-06,10.0000,10.3900,9.9000,10.1800,1.6092,2945800,0.0000
2003-05-30,9.9400,9.9600,9.6500,9.8700,1.5602,1981400,0.0000
2003-05-23,9.7700,9.9600,9.3000,9.8400,1.5554,3060800,0.0000
2003-05-16,9.9500,10.0200,9.7000,9.7500,1.5412,1913500,0.0000
2003-05-09,9.7300,9.9000,9.5500,9.9000,1.5649,1798100,0.0000
2003-05-02,9.2400,9.6500,9.2400,9.6500,1.5254,3479600,0.0000
2003-04-25,9.2000,9.5800,9.1600,9.2000,1.4543,1687800,0.0000
2003-04-17,9.1200,9.2500,9.0400,9.2000,1.4543,844800,0.0000
2003-04-11,8.8700,9.1100,8.8700,9.1000,1.4385,1133800,0.0000
2003-04-04,8.5500,8.9300,8.5000,8.7700,1.3863,1136400,0.0000
2003-03-28,8.9000,8.9700,8.5500,8.6400,1.3658,823600,0.2800
2003-03-21,8.8000,9.0400,8.6100,8.9300,1.3675,1286400,0.0000
2003-03-14,8.7000,8.7700,8.3700,8.7400,1.3384,814300,0.0000
2003-03-07,8.7900,8.8700,8.5600,8.6700,1.3277,682500,0.0000
2003-02-28,8.6800,8.8700,8.5600,8.7700,1.3430,680900,0.0000
2003-02-21,8.5000,8.7200,8.4000,8.7200,1.3353,654700,0.0000
2003-02-14,8.4000,8.5500,8.1500,8.4000,1.2863,922500,0.0000
2003-02-07,8.8500,8.8700,8.4000,8.4000,1.2863,980000,0.0000
2003-01-31,8.6800,8.8400,8.5400,8.7500,1.3399,915600,0.0000
2003-01-24,8.5000,8.7500,8.4300,8.5100,1.3032,770300,0.0000
2003-01-17,8.5500,8.8400,8.4000,8.4200,1.2894,1033900,0.0000
2003-01-10,8.7000,8.7400,8.4000,8.4500,1.2940,1100500,0.0000
2003-01-03,8.6600,8.6800,8.3500,8.5000,1.3016,1008900,0.0000
2002-12-27,9.0000,9.1000,8.6500,8.6500,1.3246,730600,0.3200
2002-12-20,8.9300,9.1600,8.7100,9.0400,1.3355,1379700,0.0000
2002-12-13,8.7500,9.0500,8.7000,8.9000,1.3148,976200,0.0000
2002-12-06,8.7200,8.9800,8.5400,8.8300,1.3045,856700,0.0000
2002-11-29,8.1400,8.7000,8.0900,8.6200,1.2734,936800,0.0000
2002-11-22,8.2200,8.4300,7.9100,8.1400,1.2025,808900,0.0000
2002-11-15,8.1300,8.1800,8.0000,8.1200,1.1996,842500,0.0000
2002-11-08,8.1000,8.3700,8.0500,8.1100,1.1981,755600,0.0000
2002-11-01,8.2900,8.4500,7.7600,8.0800,1.1937,942500,0.0000
2002-10-25,8.2900,8.3400,7.7300,8.2500,1.2188,720100,0.0000
2002-10-18,7.7400,8.3000,7.4900,8.3000,1.2262,785300,0.0000
2002-10-11,7.9300,7.9400,7.1000,7.7300,1.1420,2081900,0.0000
2002-10-04,8.0500,8.5000,7.8500,7.9600,1.1759,1712400,0.0000
2002-09-27,8.5000,8.8000,8.0000,8.0700,1.1922,1817600,0.3200
2002-09-20,9.6900,9.7300,8.2500,8.4700,1.2043,2609000,0.0000
2002-09-13,9.3000,9.7000,9.2000,9.6900,1.3777,1603600,0.0000
2002-09-06,9.2000,9.4500,8.9500,9.3600,1.3308,1035600,0.0000
2002-08-30,9.0600,9.4000,8.8500,9.2200,1.3109,924600,0.0000
2002-08-23,9.0500,9.2000,8.8000,8.9600,1.2740,1090500,0.0000
2002-08-16,8.5500,9.1000,8.5400,9.0000,1.2796,1406400,0.0000
2002-08-09,8.8000,8.9000,8.2500,8.6500,1.2299,1570600,0.0000
2002-08-02,9.0000,9.2000,8.7500,8.9000,1.2654,1393000,0.0000
2002-07-26,8.0800,8.6000,7.2100,8.6000,1.2228,2708100,0.0000
2002-07-19,8.9000,9.0000,7.6500,7.9800,1.1346,2817800,0.0000
2002-07-12,9.0000,9.4000,8.8500,9.0700,1.2896,1469100,0.0000
2002-07-05,9.8500,10.1800,8.7600,9.1400,1.2995,2481100,0.0000
2002-06-28,10.6700,10.7500,9.4200,9.8500,1.4005,3348100,0.3000
2002-06-21,10.3200,10.7500,10.0600,10.6700,1.4751,2324500,0.0000
2002-06-14,9.6000,10.3500,9.6000,10.2600,1.4185,1824500,0.0000
2002-06-07,9.4000,9.8800,9.3000,9.5000,1.3134,1694100,0.0000
2002-05-31,9.3000,9.5500,9.2200,9.3800,1.2968,3203300,0.0000
2002-05-24,9.2000,9.5000,9.1900,9.3200,1.2885,623300,0.0000
2002-05-17,9.1500,9.3300,9.0200,9.2800,1.2830,452000,0.0000
2002-05-10,9.2000,9.3500,9.1100,9.2500,1.2788,568100,0.0000
2002-05-03,8.8000,9.3000,8.7600,9.2500,1.2788,810500,0.0000
2002-04-26,9.0000,9.0000,8.7000,8.8800,1.2277,541500,0.0000
2002-04-19,8.7600,8.9900,8.7100,8.9500,1.2373,438200,0.0000
2002-04-12,8.4100,9.0400,8.4000,8.7600,1.2111,740600,0.0000
2002-04-05,8.9500,8.9500,8.3000,8.4000,1.1613,1655700,0.0000
2002-03-28,9.4000,9.4400,8.5800,8.9500,1.2373,1324900,0.3000
2002-03-22,9.2500,9.4700,9.2200,9.4600,1.2650,1141400,0.0000
2002-03-15,9.1500,9.3000,9.0800,9.2000,1.2302,908300,0.0000
2002-03-08,9.1000,9.5900,9.0700,9.1400,1.2222,964100,0.0000
2002-03-01,9.0900,9.1200,8.9700,9.0900,1.2155,1213500,0.0000
2002-02-22,9.0200,9.1500,8.9500,9.0900,1.2155,1078300,0.0000
2002-02-15,9.0300,9.1900,9.0000,9.0100,1.2048,2036100,0.0000
2002-02-08,9.0000,9.0500,8.8600,8.9600,1.1982,1281100,0.0000
2002-02-01,8.9900,8.9900,8.7100,8.9900,1.2022,1327600,0.0000
2002-01-25,8.9000,8.9900,8.7500,8.9100,1.1915,713800,0.0000
2002-01-18,8.4100,9.0000,8.2900,8.9000,1.1901,3305000,0.0000
2002-01-11,8.5800,8.6800,8.2000,8.3100,1.1112,1803400,0.0000
2002-01-04,8.9000,8.9000,8.3900,8.4800,1.1340,894200,0.0000
2001-12-28,9.1000,9.4000,8.8000,8.8000,1.1768,748200,0.2800
2001-12-21,8.5600,9.1900,8.5000,9.0700,1.1768,1509000,0.0000
2001-12-14,8.0200,8.5000,8.0000,8.4900,1.1015,1074000,0.0000
2001-12-07,8.0700,8.2000,7.9700,8.0000,1.0380,498300,0.0000
2001-11-30,8.0000,8.0700,7.9000,8.0500,1.0444,617100,0.0000
2001-11-23,7.9400,8.0400,7.8600,8.0000,1.0380,404500,0.0000
2001-11-16,7.8500,7.9900,7.7500,7.9900,1.0367,525600,0.0000
2001-11-09,7.8000,7.9900,7.7000,7.7500,1.0055,870000,0.0000
2001-11-02,8.2000,8.3200,7.6500,7.7500,1.0055,3025200,0.0000
2001-10-26,8.1000,8.1500,7.7100,8.1100,1.0522,265100,0.0000
2001-10-19,8.2400,8.3500,7.7000,8.0000,1.0380,316100,0.0000
2001-10-12,8.6500,8.6500,8.1500,8.2300,1.0678,198000,0.0000
2001-10-05,9.0000,9.0500,8.0500,8.4400,1.0950,732500,0.0000
2001-09-28,8.2000,8.8500,7.8000,8.8500,1.1482,672300,0.2250
2001-09-21,7.3000,8.0000,7.2500,7.8000,0.9869,433800,0.0000
2001-09-10,7.6000,7.6000,7.4700,7.5400,0.9540,80900,0.0000
2001-09-07,8.0200,8.0300,7.5500,7.5800,0.9591,124300,0.0000
2001-08-31,8.1000,8.1000,7.2600,7.7900,0.9856,650400,0.0000
2001-08-24,8.6000,8.6000,7.9000,8.0500,1.0185,359300,0.0000
2001-08-17,7.9800,8.6900,7.9700,8.6000,1.0881,289300,0.0000
2001-08-10,8.0300,8.1400,7.8700,7.8800,0.9970,421800,0.0000
2001-08-03,7.9000,8.2300,7.8000,8.0300,1.0160,489200,0.0000
2001-07-27,7.7000,8.0000,7.5500,7.8800,0.9970,377500,0.0000
2001-07-20,7.5200,8.1500,7.2500,7.9000,0.9996,996500,0.0000
2001-07-13,7.4500,7.5000,7.3600,7.4400,0.9414,385700,0.0000
2001-07-06,7.4500,7.5500,7.3600,7.4700,0.9452,352700,0.0000
2001-06-29,7.4900,7.6000,7.2400,7.4200,0.9388,1364900,0.1750
2001-06-22,7.3100,7.4500,7.1900,7.4000,0.9144,2131100,0.0000
2001-06-15,7.2900,7.4500,7.2200,7.2900,0.9008,78100,0.0000
2001-06-08,7.3500,7.3500,7.2100,7.2800,0.8996,54000,0.0000
2001-06-01,7.2500,7.4000,7.0000,7.3000,0.9021,86400,0.0000
2001-05-25,7.5000,8.2500,7.1000,7.2000,0.8897,215300,0.0000
2001-05-18,7.2500,7.5000,7.2100,7.5000,0.9268,99900,0.0000
2001-05-11,7.2500,7.3700,7.1600,7.2500,0.8959,55700,0.0000
2001-05-04,7.0800,7.4000,7.0500,7.2400,0.8947,67100,0.0000
2001-04-27,6.9700,7.2300,6.9000,7.0500,0.8712,50800,0.0000
2001-04-20,7.1000,7.1000,6.7500,6.9200,0.8551,59100,0.0000
2001-04-12,6.8800,7.2500,6.8800,7.0500,0.8712,49900,0.1650
2001-04-06,7.5000,7.5000,6.7500,6.8000,0.8209,70800,0.0000
2001-03-30,6.8000,7.5000,6.6500,7.4700,0.9018,138800,0.0000
2001-03-23,6.7500,6.9000,6.6500,6.8300,0.8246,26000,0.0000
2001-03-16,6.9600,7.0000,6.7500,6.7500,0.8149,43400,0.0000
2001-03-09,6.8400,7.0000,6.4500,6.8600,0.8282,48100,0.0000
2001-03-02,6.6500,6.9000,6.1500,6.8000,0.8209,55200,0.0000
2001-02-23,6.9000,7.1000,6.6000,6.6000,0.7968,51800,0.0000
2001-02-16,5.9500,7.2000,5.8500,6.8400,0.8258,71500,0.0000
2001-02-09,6.0700,6.5000,5.9000,6.0500,0.7304,56400,0.0000
2001-02-02,5.4200,6.1100,5.2500,6.0500,0.7304,95200,0.0000
2001-01-26,5.5000,5.5000,5.2500,5.3750,0.6489,62000,0.0000
2001-01-19,5.3750,5.5000,5.2500,5.3750,0.6489,58600,0.0000
2001-01-12,5.1250,5.4380,5.0630,5.2500,0.6338,119800,0.1550
2001-01-05,5.1250,5.3750,5.0000,5.1250,0.6014,52000,0.0000
2000-12-29,4.8100,5.3750,4.8100,5.0000,0.5867,125600,0.0000
2000-12-22,4.9380,5.1880,4.7500,4.8750,0.5720,86500,0.0000
2000-12-15,5.0000,5.0000,4.8130,5.0000,0.5867,78000,0.0000
2000-12-08,5.1250,5.1880,4.9380,5.0000,0.5867,76400,0.0000
2000-12-01,5.3130,5.3750,5.0630,5.0630,0.5941,90000,0.0000
2000-11-24,5.6250,5.6250,5.3750,5.3750,0.6307,25600,0.0000
2000-11-17,5.3750,5.3750,5.0630,5.1250,0.6014,43900,0.0000
2000-11-10,5.3130,5.6880,5.1250,5.3130,0.6234,36100,0.0000
2000-11-03,5.1880,5.5000,5.0000,5.5000,0.6454,27400,0.0000
2000-10-27,5.1880,5.3750,5.1250,5.3130,0.6234,24000,0.0000
2000-10-20,5.2500,5.3750,5.1250,5.2500,0.6161,54500,0.0000
2000-10-13,5.5000,5.7500,5.1250,5.1250,0.6014,31000,0.1550
2000-10-06,5.3750,5.7500,5.3130,5.6250,0.6416,32800,0.0000
2000-09-29,5.8750,5.8750,5.1250,5.3130,0.6060,76200,0.0000
2000-09-22,5.6250,5.9380,5.4380,5.7500,0.6558,67400,0.0000
2000-09-15,5.7500,5.8750,5.4380,5.5630,0.6345,26800,0.0000
2000-09-08,5.3750,5.8750,5.3130,5.6880,0.6487,32100,0.0000
2000-09-01,5.2500,5.4380,5.1250,5.3130,0.6060,29000,0.0000
2000-08-25,5.1880,5.3750,5.1250,5.3750,0.6130,27200,0.0000
2000-08-18,5.1250,5.2500,5.1250,5.2500,0.5988,38100,0.0000
2000-08-11,5.3130,5.3130,5.0630,5.1250,0.5845,21400,0.0000
2000-08-04,5.2500,5.3750,5.1880,5.1880,0.5917,22200,0.0000
2000-07-28,5.2500,5.3130,5.1250,5.3100,0.6056,21400,0.0000
2000-07-21,5.1880,5.5000,5.1250,5.2500,0.5988,35500,0.0000
2000-07-14,4.9380,5.3750,4.9380,5.1250,0.5845,29400,0.0000
2000-07-07,5.1250,5.3750,4.9380,5.1250,0.5845,33800,0.0000
2000-06-30,5.2500,5.2500,5.0000,5.0000,0.5703,16300,0.0000
2000-06-23,5.3750,5.5000,5.1880,5.2500,0.5988,35600,0.0000
2000-06-16,5.5000,5.6250,5.0000,5.3750,0.6130,50800,0.0000
2000-06-09,5.1250,5.5000,5.0630,5.4380,0.6202,35700,0.0000
2000-06-02,5.0630,5.1250,4.9380,5.0000,0.5703,19200,0.0000
2000-05-26,4.8750,5.2500,4.7500,5.1250,0.5845,54200,0.0000
2000-05-19,5.0000,5.2500,4.9380,4.9380,0.5632,54100,0.0000
2000-05-12,5.1880,5.2500,4.7500,5.0000,0.5703,38900,0.0000
2000-05-05,5.1250,5.4380,5.0000,5.3750,0.6130,46300,0.0000
2000-04-28,4.8130,5.2500,4.8130,5.1880,0.5917,32400,0.0000
2000-04-20,4.8750,4.8750,4.5000,4.6880,0.5347,48700,0.0000
2000-04-14,5.0000,5.2500,4.7500,4.9380,0.5632,58000,0.0000
2000-04-07,5.3130,5.3750,4.9380,5.1250,0.5845,37100,0.0000
2000-03-31,5.4380,5.6250,5.1250,5.4380,0.6202,64900,0.0000
2000-03-24,5.0000,5.4380,5.0000,5.3750,0.6130,44200,0.0000
2000-03-17,5.0000,5.2500,4.6250,4.9380,0.5632,93200,0.0000
2000-03-10,5.3130,5.3750,4.7500,5.0000,0.5703,44700,0.0000
2000-03-03,5.2500,5.5630,5.0630,5.3130,0.6060,69400,0.0000
2000-02-25,5.3750,5.8130,5.2500,5.3750,0.6130,82700,0.0000
2000-02-18,4.9380,5.1250,4.8130,5.0630,0.5775,46100,0.0000
2000-02-11,4.6250,5.0000,4.6250,4.9380,0.5632,40300,0.0000
2000-02-04,4.6880,4.7500,4.5000,4.6250,0.5275,59400,0.0000
2000-01-28,4.8750,4.9380,4.6250,4.7500,0.5418,43600,0.0000
2000-01-21,4.8750,5.0000,4.7500,4.8750,0.5560,41500,0.0000
2000-01-14,4.7500,4.8130,4.5630,4.6250,0.5275,52800,0.0000
2000-01-07,4.5600,4.8750,4.5600,4.6880,0.5347,38000,0.0000
1999-12-31,4.6880,4.8750,4.5630,4.5630,0.5204,55400,0.0000
1999-12-23,4.7500,4.8750,4.5000,4.8130,0.5489,43600,0.0000
1999-12-17,5.0630,5.0630,4.6200,4.7500,0.5418,59800,0.0000
1999-12-10,4.7500,5.0000,4.6250,4.9380,0.5632,41300,0.0000
1999-12-03,4.3750,4.8130,4.3130,4.8130,0.5489,43500,0.0000
1999-11-26,5.0630,5.0630,4.2500,4.4380,0.5062,66600,0.0000
1999-11-19,5.3130,5.3750,4.8750,5.0000,0.5703,47800,0.0000
1999-11-12,4.9380,5.3750,4.8750,5.2500,0.5988,97500,0.0000
1999-11-05,4.6880,5.1880,4.6250,5.0630,0.5775,51500,0.0000
1999-10-29,4.8130,5.0000,4.5000,4.5630,0.5204,46100,0.0000
1999-10-22,4.8130,5.0630,4.6250,4.8130,0.5489,44500,0.0000
1999-10-15,4.9380,5.0000,4.6250,4.8130,0.5489,48100,0.0000
1999-10-08,4.8750,4.9380,4.6880,4.9380,0.5632,53600,0.0000
1999-10-01,4.9380,5.1250,4.8130,4.8750,0.5560,64500,0.0000
1999-09-24,4.8750,5.1250,4.8750,5.0000,0.5703,35900,0.0000
1999-09-17,4.5630,5.0630,4.5000,4.8750,0.5560,16400,0.0000
1999-09-10,4.5630,4.8130,4.3130,4.6250,0.5275,38900,0.0000
1999-09-03,4.8130,5.0000,4.4380,4.6880,0.5347,43600,0.0000
1999-08-27,5.0000,5.0000,4.6880,4.8750,0.5560,42400,0.0000
1999-08-20,4.9380,5.0000,4.7500,4.9380,0.5632,49800,0.0000
1999-08-13,4.8750,5.0000,4.8130,4.8750,0.5560,40600,0.0000
1999-08-06,4.5630,4.9380,4.5000,4.8130,0.5489,25600,0.0000
1999-07-30,4.8750,5.0000,4.5630,4.5630,0.5204,32300,0.0000
1999-07-23,4.8130,4.9380,4.6880,4.9380,0.5632,34300,0.0000
1999-07-16,4.8750,4.9380,4.7500,4.7500,0.5418,19100,0.0000
1999-07-09,4.8750,5.0000,4.7500,4.9380,0.5632,37700,0.0000
1999-07-02,5.0630,5.1880,4.8130,4.8750,0.5560,52400,0.0000
1999-06-25,5.2500,5.3750,4.8130,5.0630,0.5775,77800,0.0000
1999-06-18,4.6880,5.1880,4.6250,5.1880,0.5917,156200,0.0000
1999-06-11,4.5000,4.6880,4.5000,4.6250,0.5275,39600,0.0000
1999-06-04,4.6880,4.7500,4.3750,4.5630,0.5204,37200,0.0000
1999-05-28,4.8130,4.8130,4.4380,4.7500,0.5418,48200,0.0000
1999-05-21,4.4380,4.9380,4.3750,4.8130,0.5489,71700,0.0000
1999-05-14,4.5630,4.6250,4.4380,4.5630,0.5204,57700,0.0000
1999-05-07,4.2500,4.7500,4.1880,4.5630,0.5204,89100,0.0000
1999-04-30,4.2500,4.4380,4.2500,4.3130,0.4919,28400,0.0000
1999-04-23,4.1250,4.5630,4.1250,4.2500,0.4847,60800,0.0000
1999-04-16,4.1880,4.3750,4.0000,4.1250,0.4705,108500,0.0000
1999-04-09,4.3750,4.5000,4.0630,4.3130,0.4919,101800,0.0000
1999-04-01,4.6880,4.8750,4.2500,4.4380,0.5062,126900,0.0000
1999-03-26,4.8130,4.9380,4.5630,4.6250,0.5275,59400,0.0000
1999-03-19,4.8130,5.0000,4.8130,4.8130,0.5489,26900,0.0000
1999-03-12,5.1250,5.2500,4.7500,4.8750,0.5560,55400,0.0000
1999-03-05,5.1250,5.8130,5.0630,5.1880,0.5917,74800,0.0000
1999-02-26,5.0000,5.3130,4.9380,5.1250,0.5845,42400,0.0000
1999-02-19,4.7500,5.0000,4.5630,4.6880,0.5347,58700,0.0000
1999-02-12,5.4380,5.4380,4.5630,4.7500,0.5418,40000,0.0000
1999-02-05,5.6250,5.6250,5.0630,5.4380,0.6202,35800,0.0000
1999-01-29,5.0630,5.6250,5.0630,5.5630,0.6345,51300,0.0000
1999-01-22,4.8750,5.1250,4.7500,5.0630,0.5775,82400,0.0000
1999-01-15,4.3750,4.7500,4.3130,4.5630,0.5204,70900,0.0000
1999-01-08,4.6880,4.6880,4.3750,4.3750,0.4990,54800,0.0000
1998-12-31,4.8750,4.9380,4.3130,4.5630,0.5204,124100,0.0000
1998-12-24,4.8130,4.9380,4.6250,4.7500,0.5418,56100,0.0000
1998-12-18,4.9380,4.9380,4.6880,4.7500,0.5418,110700,0.0000
1998-12-11,4.9380,5.0000,4.6250,4.9380,0.5632,85500,0.0000
1998-12-04,4.9380,5.0630,4.7500,4.8750,0.5560,175100,0.0000
1998-11-27,4.9380,5.1250,4.6200,4.8100,0.5486,95700,0.0000
1998-11-20,4.9380,5.0000,4.7500,5.0000,0.5703,138800,0.0000
1998-11-13,4.8130,4.9380,4.5000,4.8750,0.5560,111500,0.0000
1998-11-06,4.9380,5.0000,4.7500,4.8750,0.5560,82600,0.0000
1998-10-30,5.0000,5.0630,4.8750,5.0000,0.5703,68800,0.0000
1998-10-23,5.0000,5.3130,4.7500,5.0000,0.5703,102000,0.0000
1998-10-16,5.0630,5.4380,4.7500,5.0000,0.5703,117300,0.0000
1998-10-09,5.3750,5.5000,5.0630,5.0630,0.5775,52900,0.0000
1998-10-02,5.8750,5.9380,5.3750,5.3750,0.6130,71200,0.0000
1998-09-25,6.1250,6.4380,6.0000,6.2500,0.7128,94100,0.0000
1998-09-18,5.9380,6.2500,5.6880,6.1250,0.6986,75100,0.0000
1998-09-11,6.1880,6.1880,5.9380,5.9380,0.6773,64100,0.0000
1998-09-04,6.6880,6.7500,6.0000,6.1880,0.7058,78200,0.0000
1998-08-28,6.6250,7.1250,6.4380,6.8130,0.7771,45600,0.0000
1998-08-21,6.5000,6.8750,6.2500,6.6250,0.7556,73100,0.0000
1998-08-14,7.7500,7.7500,6.4380,6.6250,0.7556,105900,0.0000
1998-08-07,7.5000,7.8750,7.2500,7.7500,0.8839,43200,0.0000
1998-07-31,7.3130,7.5000,7.1880,7.5000,0.8554,56300,0.0000
1998-07-24,7.3750,7.5000,7.0000,7.3750,0.8411,124500,0.0000
1998-07-17,7.3750,7.7500,7.1880,7.4380,0.8483,91500,0.0000
1998-07-10,7.8130,7.8130,7.0630,7.5000,0.8554,106700,0.0000
1998-07-02,7.5630,8.0000,7.5630,7.7500,0.8839,40000,0.0000
1998-06-26,7.6250,8.1250,7.2500,7.5000,0.8554,146600,0.0000
1998-06-19,8.7500,8.7500,7.5000,7.5000,0.8554,144100,0.0000
1998-06-12,9.0000,9.0630,8.7500,8.7500,0.9980,81300,0.0000
1998-06-05,9.2500,9.4380,9.0630,9.0630,1.0337,28700,0.0000
1998-05-29,9.2500,9.7500,9.0630,9.1880,1.0479,79300,0.0000
1998-05-22,9.3750,9.9380,9.0000,9.1250,1.0407,108200,0.0000
1998-05-15,9.5000,9.6250,9.0630,9.4380,1.0764,96800,0.0000
1998-05-08,9.5630,9.6880,9.0000,9.5000,1.0835,81300,0.0000
1998-05-01,9.7500,9.8750,9.3750,9.6250,1.0978,66400,0.0000
1998-04-24,9.2500,9.8130,9.0630,9.6250,1.0978,149100,0.0000
